{
 "cells": [
  {
   "cell_type": "code",
   "execution_count": 1,
   "id": "4c65f557-651f-4958-a567-a1b6b5a82b2b",
   "metadata": {
    "tags": []
   },
   "outputs": [],
   "source": [
    "# Modify the file 00_setup.py to define input/output file paths on your system\n",
    "# The information in 00_setup.py will be used across notebooks\n",
    "from importlib.machinery import SourceFileLoader\n",
    "setup = SourceFileLoader(\"setup\", \"./00_setup.py\").load_module()"
   ]
  },
  {
   "cell_type": "markdown",
   "id": "b01d0fdb-d4bf-465a-8541-997addc50b0c",
   "metadata": {},
   "source": [
    "# XGBoost with one-hot NAICS Clusters (NN Embed)\n",
    "XGBoost model, one hot encoded values from k means clustering"
   ]
  },
  {
   "cell_type": "markdown",
   "id": "56161f89-1f54-47f9-860d-3f945a941c1f",
   "metadata": {},
   "source": [
    "*This script takes about 5 minutes on my MacBook Air*"
   ]
  },
  {
   "cell_type": "code",
   "execution_count": 2,
   "id": "ec6b1778-7abc-4129-ab5f-ac2992bd8ca6",
   "metadata": {},
   "outputs": [],
   "source": [
    "import pandas as pd\n",
    "import numpy as np\n",
    "import xgboost as xgb\n",
    "import warnings\n",
    "import matplotlib.pyplot as plt\n",
    "import pickle"
   ]
  },
  {
   "cell_type": "code",
   "execution_count": 3,
   "id": "785af927-a634-4e34-84c4-7a532236f2ca",
   "metadata": {},
   "outputs": [],
   "source": [
    "from pathlib import Path"
   ]
  },
  {
   "cell_type": "code",
   "execution_count": 4,
   "id": "fd09527b-32dd-47fa-b62f-f9307f89f553",
   "metadata": {},
   "outputs": [],
   "source": [
    "import sklearn as sk\n",
    "from sklearn.model_selection import RandomizedSearchCV\n",
    "from sklearn.inspection import permutation_importance, partial_dependence\n",
    "from scikitplot.metrics import plot_lift_curve"
   ]
  },
  {
   "cell_type": "code",
   "execution_count": 5,
   "id": "0732ba40-8318-457b-b29f-f9b6de3b70aa",
   "metadata": {},
   "outputs": [],
   "source": [
    "from sba_gnn.sba_gnn import sg_plot "
   ]
  },
  {
   "cell_type": "markdown",
   "id": "d14a5947-6599-4253-acf3-91ddeffdedd3",
   "metadata": {},
   "source": [
    "## Import Processed Datasets"
   ]
  },
  {
   "cell_type": "markdown",
   "id": "b0e80daf-7e62-47ae-b9f4-e04468135f3e",
   "metadata": {},
   "source": [
    "##### Get loans data, append clusters"
   ]
  },
  {
   "cell_type": "code",
   "execution_count": 6,
   "id": "f6bc5cc5-b635-420f-852c-6cc9bba68a52",
   "metadata": {},
   "outputs": [],
   "source": [
    "sba_loans = pd.read_parquet(Path(setup.temp_path).joinpath('01_DATA_transformed.parquet'))"
   ]
  },
  {
   "cell_type": "code",
   "execution_count": 7,
   "id": "24785791-96b2-42a3-b6bb-307a60291c06",
   "metadata": {},
   "outputs": [
    {
     "data": {
      "text/plain": [
       "Index(['NAICS', 'NAICS_2', 'NAICS_sector', 'NAICS_sector_desc', 'NAICS_num',\n",
       "       'menc_NAICS', 'cenc_NAICS'],\n",
       "      dtype='object')"
      ]
     },
     "execution_count": 7,
     "metadata": {},
     "output_type": "execute_result"
    }
   ],
   "source": [
    "sba_loans.filter(like='NAICS').columns"
   ]
  },
  {
   "cell_type": "code",
   "execution_count": 8,
   "id": "5d9230bf-f527-42c9-832a-e353f32487ab",
   "metadata": {},
   "outputs": [],
   "source": [
    "embed_df = pd.read_parquet(Path(setup.temp_path).joinpath('60_DATA_embeddings_tsne_naics.parquet'))"
   ]
  },
  {
   "cell_type": "code",
   "execution_count": 9,
   "id": "f61f3bb8-2f9b-4d2d-a85d-c9c932521b47",
   "metadata": {},
   "outputs": [
    {
     "data": {
      "text/plain": [
       "10"
      ]
     },
     "execution_count": 9,
     "metadata": {},
     "output_type": "execute_result"
    }
   ],
   "source": [
    "clus_cols = [c for c in embed_df if c.startswith('NC__')]\n",
    "len(clus_cols)"
   ]
  },
  {
   "cell_type": "code",
   "execution_count": 10,
   "id": "3533831b-fe3e-46e7-bc21-b0d6f4fb689d",
   "metadata": {},
   "outputs": [],
   "source": [
    "sba_loans = sba_loans.drop(columns = clus_cols, errors='ignore') \\\n",
    "    .merge(embed_df[clus_cols + ['NAICS_orig']].rename(columns={'NAICS_orig':'NAICS'}),\n",
    "           on='NAICS', how='left')"
   ]
  },
  {
   "cell_type": "code",
   "execution_count": 11,
   "id": "042aae2d-f88d-4060-994f-629349a5bff1",
   "metadata": {},
   "outputs": [
    {
     "data": {
      "text/html": [
       "<div>\n",
       "<style scoped>\n",
       "    .dataframe tbody tr th:only-of-type {\n",
       "        vertical-align: middle;\n",
       "    }\n",
       "\n",
       "    .dataframe tbody tr th {\n",
       "        vertical-align: top;\n",
       "    }\n",
       "\n",
       "    .dataframe thead th {\n",
       "        text-align: right;\n",
       "    }\n",
       "</style>\n",
       "<table border=\"1\" class=\"dataframe\">\n",
       "  <thead>\n",
       "    <tr style=\"text-align: right;\">\n",
       "      <th></th>\n",
       "      <th>NC__0.0</th>\n",
       "      <th>NC__1.0</th>\n",
       "      <th>NC__2.0</th>\n",
       "      <th>NC__3.0</th>\n",
       "      <th>NC__4.0</th>\n",
       "      <th>NC__5.0</th>\n",
       "      <th>NC__6.0</th>\n",
       "      <th>NC__7.0</th>\n",
       "      <th>NC__8.0</th>\n",
       "      <th>NC__9.0</th>\n",
       "    </tr>\n",
       "  </thead>\n",
       "  <tbody>\n",
       "    <tr>\n",
       "      <th>count</th>\n",
       "      <td>688081.000000</td>\n",
       "      <td>688081.000000</td>\n",
       "      <td>688081.000000</td>\n",
       "      <td>688081.000000</td>\n",
       "      <td>688081.000000</td>\n",
       "      <td>688081.000000</td>\n",
       "      <td>688081.000000</td>\n",
       "      <td>688081.000000</td>\n",
       "      <td>688081.000000</td>\n",
       "      <td>688081.000000</td>\n",
       "    </tr>\n",
       "    <tr>\n",
       "      <th>mean</th>\n",
       "      <td>0.065322</td>\n",
       "      <td>0.082980</td>\n",
       "      <td>0.156245</td>\n",
       "      <td>0.044983</td>\n",
       "      <td>0.050587</td>\n",
       "      <td>0.016056</td>\n",
       "      <td>0.050464</td>\n",
       "      <td>0.027798</td>\n",
       "      <td>0.151261</td>\n",
       "      <td>0.259738</td>\n",
       "    </tr>\n",
       "    <tr>\n",
       "      <th>std</th>\n",
       "      <td>0.247094</td>\n",
       "      <td>0.275852</td>\n",
       "      <td>0.363087</td>\n",
       "      <td>0.207267</td>\n",
       "      <td>0.219153</td>\n",
       "      <td>0.125692</td>\n",
       "      <td>0.218900</td>\n",
       "      <td>0.164393</td>\n",
       "      <td>0.358304</td>\n",
       "      <td>0.438491</td>\n",
       "    </tr>\n",
       "    <tr>\n",
       "      <th>min</th>\n",
       "      <td>0.000000</td>\n",
       "      <td>0.000000</td>\n",
       "      <td>0.000000</td>\n",
       "      <td>0.000000</td>\n",
       "      <td>0.000000</td>\n",
       "      <td>0.000000</td>\n",
       "      <td>0.000000</td>\n",
       "      <td>0.000000</td>\n",
       "      <td>0.000000</td>\n",
       "      <td>0.000000</td>\n",
       "    </tr>\n",
       "    <tr>\n",
       "      <th>25%</th>\n",
       "      <td>0.000000</td>\n",
       "      <td>0.000000</td>\n",
       "      <td>0.000000</td>\n",
       "      <td>0.000000</td>\n",
       "      <td>0.000000</td>\n",
       "      <td>0.000000</td>\n",
       "      <td>0.000000</td>\n",
       "      <td>0.000000</td>\n",
       "      <td>0.000000</td>\n",
       "      <td>0.000000</td>\n",
       "    </tr>\n",
       "    <tr>\n",
       "      <th>50%</th>\n",
       "      <td>0.000000</td>\n",
       "      <td>0.000000</td>\n",
       "      <td>0.000000</td>\n",
       "      <td>0.000000</td>\n",
       "      <td>0.000000</td>\n",
       "      <td>0.000000</td>\n",
       "      <td>0.000000</td>\n",
       "      <td>0.000000</td>\n",
       "      <td>0.000000</td>\n",
       "      <td>0.000000</td>\n",
       "    </tr>\n",
       "    <tr>\n",
       "      <th>75%</th>\n",
       "      <td>0.000000</td>\n",
       "      <td>0.000000</td>\n",
       "      <td>0.000000</td>\n",
       "      <td>0.000000</td>\n",
       "      <td>0.000000</td>\n",
       "      <td>0.000000</td>\n",
       "      <td>0.000000</td>\n",
       "      <td>0.000000</td>\n",
       "      <td>0.000000</td>\n",
       "      <td>1.000000</td>\n",
       "    </tr>\n",
       "    <tr>\n",
       "      <th>max</th>\n",
       "      <td>1.000000</td>\n",
       "      <td>1.000000</td>\n",
       "      <td>1.000000</td>\n",
       "      <td>1.000000</td>\n",
       "      <td>1.000000</td>\n",
       "      <td>1.000000</td>\n",
       "      <td>1.000000</td>\n",
       "      <td>1.000000</td>\n",
       "      <td>1.000000</td>\n",
       "      <td>1.000000</td>\n",
       "    </tr>\n",
       "  </tbody>\n",
       "</table>\n",
       "</div>"
      ],
      "text/plain": [
       "             NC__0.0        NC__1.0        NC__2.0        NC__3.0  \\\n",
       "count  688081.000000  688081.000000  688081.000000  688081.000000   \n",
       "mean        0.065322       0.082980       0.156245       0.044983   \n",
       "std         0.247094       0.275852       0.363087       0.207267   \n",
       "min         0.000000       0.000000       0.000000       0.000000   \n",
       "25%         0.000000       0.000000       0.000000       0.000000   \n",
       "50%         0.000000       0.000000       0.000000       0.000000   \n",
       "75%         0.000000       0.000000       0.000000       0.000000   \n",
       "max         1.000000       1.000000       1.000000       1.000000   \n",
       "\n",
       "             NC__4.0        NC__5.0        NC__6.0        NC__7.0  \\\n",
       "count  688081.000000  688081.000000  688081.000000  688081.000000   \n",
       "mean        0.050587       0.016056       0.050464       0.027798   \n",
       "std         0.219153       0.125692       0.218900       0.164393   \n",
       "min         0.000000       0.000000       0.000000       0.000000   \n",
       "25%         0.000000       0.000000       0.000000       0.000000   \n",
       "50%         0.000000       0.000000       0.000000       0.000000   \n",
       "75%         0.000000       0.000000       0.000000       0.000000   \n",
       "max         1.000000       1.000000       1.000000       1.000000   \n",
       "\n",
       "             NC__8.0        NC__9.0  \n",
       "count  688081.000000  688081.000000  \n",
       "mean        0.151261       0.259738  \n",
       "std         0.358304       0.438491  \n",
       "min         0.000000       0.000000  \n",
       "25%         0.000000       0.000000  \n",
       "50%         0.000000       0.000000  \n",
       "75%         0.000000       1.000000  \n",
       "max         1.000000       1.000000  "
      ]
     },
     "execution_count": 11,
     "metadata": {},
     "output_type": "execute_result"
    }
   ],
   "source": [
    "sba_loans[clus_cols].describe()"
   ]
  },
  {
   "cell_type": "code",
   "execution_count": 12,
   "id": "a5f6c362-c1ab-48d8-812b-2b970b06586b",
   "metadata": {},
   "outputs": [],
   "source": [
    "train_df = sba_loans[sba_loans['dset'] == 'train'].copy()\n",
    "test_df = sba_loans[sba_loans['dset'] == 'test']\n",
    "val_df = sba_loans[sba_loans['dset'] == 'val']"
   ]
  },
  {
   "cell_type": "code",
   "execution_count": 13,
   "id": "7b1db53b-181c-450d-9f7e-be350bc3111f",
   "metadata": {},
   "outputs": [
    {
     "data": {
      "text/plain": [
       "(436120, 65)"
      ]
     },
     "execution_count": 13,
     "metadata": {},
     "output_type": "execute_result"
    }
   ],
   "source": [
    "train_df.shape"
   ]
  },
  {
   "cell_type": "markdown",
   "id": "f2160b50-1e22-44f0-915b-0241ebcd45d4",
   "metadata": {},
   "source": [
    "#### Set the predictor features.  Include one-hot NAICS"
   ]
  },
  {
   "cell_type": "code",
   "execution_count": 14,
   "id": "c07ddd4e-6987-454a-926a-3b59abf6caa6",
   "metadata": {},
   "outputs": [
    {
     "name": "stdout",
     "output_type": "stream",
     "text": [
      "['NoEmp', 'CreateJob', 'LowDoc', 'DisbursementGross', 'new_business', 'urban_flag', 'franchise_flag', 'NC__0.0', 'NC__1.0', 'NC__2.0', 'NC__3.0', 'NC__4.0', 'NC__5.0', 'NC__6.0', 'NC__7.0', 'NC__8.0', 'NC__9.0']\n"
     ]
    }
   ],
   "source": [
    "predictor_features = setup.predictor_features + clus_cols\n",
    "print(predictor_features)"
   ]
  },
  {
   "cell_type": "code",
   "execution_count": 15,
   "id": "2a4f4a9e-f7e5-4143-b1e4-b5fbb5f7280d",
   "metadata": {},
   "outputs": [
    {
     "data": {
      "text/html": [
       "<div>\n",
       "<style scoped>\n",
       "    .dataframe tbody tr th:only-of-type {\n",
       "        vertical-align: middle;\n",
       "    }\n",
       "\n",
       "    .dataframe tbody tr th {\n",
       "        vertical-align: top;\n",
       "    }\n",
       "\n",
       "    .dataframe thead th {\n",
       "        text-align: right;\n",
       "    }\n",
       "</style>\n",
       "<table border=\"1\" class=\"dataframe\">\n",
       "  <thead>\n",
       "    <tr style=\"text-align: right;\">\n",
       "      <th></th>\n",
       "      <th>NoEmp</th>\n",
       "      <th>CreateJob</th>\n",
       "      <th>LowDoc</th>\n",
       "      <th>DisbursementGross</th>\n",
       "      <th>new_business</th>\n",
       "      <th>urban_flag</th>\n",
       "      <th>franchise_flag</th>\n",
       "      <th>NC__0.0</th>\n",
       "      <th>NC__1.0</th>\n",
       "      <th>NC__2.0</th>\n",
       "      <th>NC__3.0</th>\n",
       "      <th>NC__4.0</th>\n",
       "      <th>NC__5.0</th>\n",
       "      <th>NC__6.0</th>\n",
       "      <th>NC__7.0</th>\n",
       "      <th>NC__8.0</th>\n",
       "      <th>NC__9.0</th>\n",
       "      <th>target</th>\n",
       "    </tr>\n",
       "  </thead>\n",
       "  <tbody>\n",
       "    <tr>\n",
       "      <th>NoEmp</th>\n",
       "      <td>1.000000</td>\n",
       "      <td>0.062158</td>\n",
       "      <td>-0.013926</td>\n",
       "      <td>0.095658</td>\n",
       "      <td>-0.041427</td>\n",
       "      <td>0.001610</td>\n",
       "      <td>0.006409</td>\n",
       "      <td>-0.016303</td>\n",
       "      <td>0.008755</td>\n",
       "      <td>-0.001148</td>\n",
       "      <td>0.000191</td>\n",
       "      <td>0.009203</td>\n",
       "      <td>0.013392</td>\n",
       "      <td>0.016727</td>\n",
       "      <td>-0.004171</td>\n",
       "      <td>0.002985</td>\n",
       "      <td>-0.013320</td>\n",
       "      <td>-0.027403</td>\n",
       "    </tr>\n",
       "    <tr>\n",
       "      <th>CreateJob</th>\n",
       "      <td>0.062158</td>\n",
       "      <td>1.000000</td>\n",
       "      <td>-0.062740</td>\n",
       "      <td>0.134686</td>\n",
       "      <td>0.039302</td>\n",
       "      <td>0.009062</td>\n",
       "      <td>0.050517</td>\n",
       "      <td>-0.008838</td>\n",
       "      <td>0.003010</td>\n",
       "      <td>-0.004286</td>\n",
       "      <td>-0.012730</td>\n",
       "      <td>0.006490</td>\n",
       "      <td>-0.002643</td>\n",
       "      <td>-0.000138</td>\n",
       "      <td>-0.012637</td>\n",
       "      <td>0.025527</td>\n",
       "      <td>-0.005862</td>\n",
       "      <td>-0.010002</td>\n",
       "    </tr>\n",
       "    <tr>\n",
       "      <th>LowDoc</th>\n",
       "      <td>-0.013926</td>\n",
       "      <td>-0.062740</td>\n",
       "      <td>1.000000</td>\n",
       "      <td>-0.133141</td>\n",
       "      <td>0.153034</td>\n",
       "      <td>-0.120001</td>\n",
       "      <td>0.040841</td>\n",
       "      <td>-0.049313</td>\n",
       "      <td>0.007011</td>\n",
       "      <td>0.011771</td>\n",
       "      <td>0.011230</td>\n",
       "      <td>-0.012102</td>\n",
       "      <td>0.004369</td>\n",
       "      <td>0.007204</td>\n",
       "      <td>-0.005771</td>\n",
       "      <td>-0.016235</td>\n",
       "      <td>0.025323</td>\n",
       "      <td>-0.079523</td>\n",
       "    </tr>\n",
       "    <tr>\n",
       "      <th>DisbursementGross</th>\n",
       "      <td>0.095658</td>\n",
       "      <td>0.134686</td>\n",
       "      <td>-0.133141</td>\n",
       "      <td>1.000000</td>\n",
       "      <td>-0.065443</td>\n",
       "      <td>-0.007016</td>\n",
       "      <td>0.085712</td>\n",
       "      <td>-0.068602</td>\n",
       "      <td>0.039203</td>\n",
       "      <td>0.034044</td>\n",
       "      <td>0.037285</td>\n",
       "      <td>0.145826</td>\n",
       "      <td>0.043900</td>\n",
       "      <td>0.015714</td>\n",
       "      <td>0.048301</td>\n",
       "      <td>-0.039799</td>\n",
       "      <td>-0.112463</td>\n",
       "      <td>-0.120788</td>\n",
       "    </tr>\n",
       "    <tr>\n",
       "      <th>new_business</th>\n",
       "      <td>-0.041427</td>\n",
       "      <td>0.039302</td>\n",
       "      <td>0.153034</td>\n",
       "      <td>-0.065443</td>\n",
       "      <td>1.000000</td>\n",
       "      <td>-0.047592</td>\n",
       "      <td>0.137325</td>\n",
       "      <td>-0.005291</td>\n",
       "      <td>-0.024386</td>\n",
       "      <td>-0.010386</td>\n",
       "      <td>0.004285</td>\n",
       "      <td>-0.028791</td>\n",
       "      <td>-0.018141</td>\n",
       "      <td>-0.033602</td>\n",
       "      <td>-0.015115</td>\n",
       "      <td>0.023212</td>\n",
       "      <td>0.048799</td>\n",
       "      <td>0.013878</td>\n",
       "    </tr>\n",
       "    <tr>\n",
       "      <th>urban_flag</th>\n",
       "      <td>0.001610</td>\n",
       "      <td>0.009062</td>\n",
       "      <td>-0.120001</td>\n",
       "      <td>-0.007016</td>\n",
       "      <td>-0.047592</td>\n",
       "      <td>1.000000</td>\n",
       "      <td>-0.006588</td>\n",
       "      <td>0.022199</td>\n",
       "      <td>0.018198</td>\n",
       "      <td>-0.002799</td>\n",
       "      <td>-0.037050</td>\n",
       "      <td>-0.018612</td>\n",
       "      <td>-0.014210</td>\n",
       "      <td>-0.014147</td>\n",
       "      <td>-0.005308</td>\n",
       "      <td>0.019373</td>\n",
       "      <td>-0.001896</td>\n",
       "      <td>0.053785</td>\n",
       "    </tr>\n",
       "    <tr>\n",
       "      <th>franchise_flag</th>\n",
       "      <td>0.006409</td>\n",
       "      <td>0.050517</td>\n",
       "      <td>0.040841</td>\n",
       "      <td>0.085712</td>\n",
       "      <td>0.137325</td>\n",
       "      <td>-0.006588</td>\n",
       "      <td>1.000000</td>\n",
       "      <td>-0.010759</td>\n",
       "      <td>-0.044642</td>\n",
       "      <td>0.002873</td>\n",
       "      <td>-0.045845</td>\n",
       "      <td>0.033828</td>\n",
       "      <td>-0.017579</td>\n",
       "      <td>-0.035818</td>\n",
       "      <td>-0.041060</td>\n",
       "      <td>0.005895</td>\n",
       "      <td>0.071212</td>\n",
       "      <td>-0.012731</td>\n",
       "    </tr>\n",
       "    <tr>\n",
       "      <th>NC__0.0</th>\n",
       "      <td>-0.016303</td>\n",
       "      <td>-0.008838</td>\n",
       "      <td>-0.049313</td>\n",
       "      <td>-0.068602</td>\n",
       "      <td>-0.005291</td>\n",
       "      <td>0.022199</td>\n",
       "      <td>-0.010759</td>\n",
       "      <td>1.000000</td>\n",
       "      <td>-0.088696</td>\n",
       "      <td>-0.127609</td>\n",
       "      <td>-0.063534</td>\n",
       "      <td>-0.067700</td>\n",
       "      <td>-0.037360</td>\n",
       "      <td>-0.067795</td>\n",
       "      <td>-0.049722</td>\n",
       "      <td>-0.124879</td>\n",
       "      <td>-0.176719</td>\n",
       "      <td>0.127974</td>\n",
       "    </tr>\n",
       "    <tr>\n",
       "      <th>NC__1.0</th>\n",
       "      <td>0.008755</td>\n",
       "      <td>0.003010</td>\n",
       "      <td>0.007011</td>\n",
       "      <td>0.039203</td>\n",
       "      <td>-0.024386</td>\n",
       "      <td>0.018198</td>\n",
       "      <td>-0.044642</td>\n",
       "      <td>-0.088696</td>\n",
       "      <td>1.000000</td>\n",
       "      <td>-0.145549</td>\n",
       "      <td>-0.072466</td>\n",
       "      <td>-0.077218</td>\n",
       "      <td>-0.042613</td>\n",
       "      <td>-0.077326</td>\n",
       "      <td>-0.056712</td>\n",
       "      <td>-0.142436</td>\n",
       "      <td>-0.201564</td>\n",
       "      <td>-0.052553</td>\n",
       "    </tr>\n",
       "    <tr>\n",
       "      <th>NC__2.0</th>\n",
       "      <td>-0.001148</td>\n",
       "      <td>-0.004286</td>\n",
       "      <td>0.011771</td>\n",
       "      <td>0.034044</td>\n",
       "      <td>-0.010386</td>\n",
       "      <td>-0.002799</td>\n",
       "      <td>0.002873</td>\n",
       "      <td>-0.127609</td>\n",
       "      <td>-0.145549</td>\n",
       "      <td>1.000000</td>\n",
       "      <td>-0.104258</td>\n",
       "      <td>-0.111096</td>\n",
       "      <td>-0.061308</td>\n",
       "      <td>-0.111251</td>\n",
       "      <td>-0.081593</td>\n",
       "      <td>-0.204926</td>\n",
       "      <td>-0.289995</td>\n",
       "      <td>-0.026948</td>\n",
       "    </tr>\n",
       "    <tr>\n",
       "      <th>NC__3.0</th>\n",
       "      <td>0.000191</td>\n",
       "      <td>-0.012730</td>\n",
       "      <td>0.011230</td>\n",
       "      <td>0.037285</td>\n",
       "      <td>0.004285</td>\n",
       "      <td>-0.037050</td>\n",
       "      <td>-0.045845</td>\n",
       "      <td>-0.063534</td>\n",
       "      <td>-0.072466</td>\n",
       "      <td>-0.104258</td>\n",
       "      <td>1.000000</td>\n",
       "      <td>-0.055312</td>\n",
       "      <td>-0.030524</td>\n",
       "      <td>-0.055389</td>\n",
       "      <td>-0.040624</td>\n",
       "      <td>-0.102028</td>\n",
       "      <td>-0.144382</td>\n",
       "      <td>-0.074715</td>\n",
       "    </tr>\n",
       "    <tr>\n",
       "      <th>NC__4.0</th>\n",
       "      <td>0.009203</td>\n",
       "      <td>0.006490</td>\n",
       "      <td>-0.012102</td>\n",
       "      <td>0.145826</td>\n",
       "      <td>-0.028791</td>\n",
       "      <td>-0.018612</td>\n",
       "      <td>0.033828</td>\n",
       "      <td>-0.067700</td>\n",
       "      <td>-0.077218</td>\n",
       "      <td>-0.111096</td>\n",
       "      <td>-0.055312</td>\n",
       "      <td>1.000000</td>\n",
       "      <td>-0.032526</td>\n",
       "      <td>-0.059022</td>\n",
       "      <td>-0.043288</td>\n",
       "      <td>-0.108719</td>\n",
       "      <td>-0.153851</td>\n",
       "      <td>-0.070026</td>\n",
       "    </tr>\n",
       "    <tr>\n",
       "      <th>NC__5.0</th>\n",
       "      <td>0.013392</td>\n",
       "      <td>-0.002643</td>\n",
       "      <td>0.004369</td>\n",
       "      <td>0.043900</td>\n",
       "      <td>-0.018141</td>\n",
       "      <td>-0.014210</td>\n",
       "      <td>-0.017579</td>\n",
       "      <td>-0.037360</td>\n",
       "      <td>-0.042613</td>\n",
       "      <td>-0.061308</td>\n",
       "      <td>-0.030524</td>\n",
       "      <td>-0.032526</td>\n",
       "      <td>1.000000</td>\n",
       "      <td>-0.032571</td>\n",
       "      <td>-0.023888</td>\n",
       "      <td>-0.059997</td>\n",
       "      <td>-0.084902</td>\n",
       "      <td>-0.050256</td>\n",
       "    </tr>\n",
       "    <tr>\n",
       "      <th>NC__6.0</th>\n",
       "      <td>0.016727</td>\n",
       "      <td>-0.000138</td>\n",
       "      <td>0.007204</td>\n",
       "      <td>0.015714</td>\n",
       "      <td>-0.033602</td>\n",
       "      <td>-0.014147</td>\n",
       "      <td>-0.035818</td>\n",
       "      <td>-0.067795</td>\n",
       "      <td>-0.077326</td>\n",
       "      <td>-0.111251</td>\n",
       "      <td>-0.055389</td>\n",
       "      <td>-0.059022</td>\n",
       "      <td>-0.032571</td>\n",
       "      <td>1.000000</td>\n",
       "      <td>-0.043348</td>\n",
       "      <td>-0.108871</td>\n",
       "      <td>-0.154065</td>\n",
       "      <td>-0.047039</td>\n",
       "    </tr>\n",
       "    <tr>\n",
       "      <th>NC__7.0</th>\n",
       "      <td>-0.004171</td>\n",
       "      <td>-0.012637</td>\n",
       "      <td>-0.005771</td>\n",
       "      <td>0.048301</td>\n",
       "      <td>-0.015115</td>\n",
       "      <td>-0.005308</td>\n",
       "      <td>-0.041060</td>\n",
       "      <td>-0.049722</td>\n",
       "      <td>-0.056712</td>\n",
       "      <td>-0.081593</td>\n",
       "      <td>-0.040624</td>\n",
       "      <td>-0.043288</td>\n",
       "      <td>-0.023888</td>\n",
       "      <td>-0.043348</td>\n",
       "      <td>1.000000</td>\n",
       "      <td>-0.079848</td>\n",
       "      <td>-0.112994</td>\n",
       "      <td>-0.073444</td>\n",
       "    </tr>\n",
       "    <tr>\n",
       "      <th>NC__8.0</th>\n",
       "      <td>0.002985</td>\n",
       "      <td>0.025527</td>\n",
       "      <td>-0.016235</td>\n",
       "      <td>-0.039799</td>\n",
       "      <td>0.023212</td>\n",
       "      <td>0.019373</td>\n",
       "      <td>0.005895</td>\n",
       "      <td>-0.124879</td>\n",
       "      <td>-0.142436</td>\n",
       "      <td>-0.204926</td>\n",
       "      <td>-0.102028</td>\n",
       "      <td>-0.108719</td>\n",
       "      <td>-0.059997</td>\n",
       "      <td>-0.108871</td>\n",
       "      <td>-0.079848</td>\n",
       "      <td>1.000000</td>\n",
       "      <td>-0.283792</td>\n",
       "      <td>0.084024</td>\n",
       "    </tr>\n",
       "    <tr>\n",
       "      <th>NC__9.0</th>\n",
       "      <td>-0.013320</td>\n",
       "      <td>-0.005862</td>\n",
       "      <td>0.025323</td>\n",
       "      <td>-0.112463</td>\n",
       "      <td>0.048799</td>\n",
       "      <td>-0.001896</td>\n",
       "      <td>0.071212</td>\n",
       "      <td>-0.176719</td>\n",
       "      <td>-0.201564</td>\n",
       "      <td>-0.289995</td>\n",
       "      <td>-0.144382</td>\n",
       "      <td>-0.153851</td>\n",
       "      <td>-0.084902</td>\n",
       "      <td>-0.154065</td>\n",
       "      <td>-0.112994</td>\n",
       "      <td>-0.283792</td>\n",
       "      <td>1.000000</td>\n",
       "      <td>0.051451</td>\n",
       "    </tr>\n",
       "    <tr>\n",
       "      <th>target</th>\n",
       "      <td>-0.027403</td>\n",
       "      <td>-0.010002</td>\n",
       "      <td>-0.079523</td>\n",
       "      <td>-0.120788</td>\n",
       "      <td>0.013878</td>\n",
       "      <td>0.053785</td>\n",
       "      <td>-0.012731</td>\n",
       "      <td>0.127974</td>\n",
       "      <td>-0.052553</td>\n",
       "      <td>-0.026948</td>\n",
       "      <td>-0.074715</td>\n",
       "      <td>-0.070026</td>\n",
       "      <td>-0.050256</td>\n",
       "      <td>-0.047039</td>\n",
       "      <td>-0.073444</td>\n",
       "      <td>0.084024</td>\n",
       "      <td>0.051451</td>\n",
       "      <td>1.000000</td>\n",
       "    </tr>\n",
       "  </tbody>\n",
       "</table>\n",
       "</div>"
      ],
      "text/plain": [
       "                      NoEmp  CreateJob    LowDoc  DisbursementGross  \\\n",
       "NoEmp              1.000000   0.062158 -0.013926           0.095658   \n",
       "CreateJob          0.062158   1.000000 -0.062740           0.134686   \n",
       "LowDoc            -0.013926  -0.062740  1.000000          -0.133141   \n",
       "DisbursementGross  0.095658   0.134686 -0.133141           1.000000   \n",
       "new_business      -0.041427   0.039302  0.153034          -0.065443   \n",
       "urban_flag         0.001610   0.009062 -0.120001          -0.007016   \n",
       "franchise_flag     0.006409   0.050517  0.040841           0.085712   \n",
       "NC__0.0           -0.016303  -0.008838 -0.049313          -0.068602   \n",
       "NC__1.0            0.008755   0.003010  0.007011           0.039203   \n",
       "NC__2.0           -0.001148  -0.004286  0.011771           0.034044   \n",
       "NC__3.0            0.000191  -0.012730  0.011230           0.037285   \n",
       "NC__4.0            0.009203   0.006490 -0.012102           0.145826   \n",
       "NC__5.0            0.013392  -0.002643  0.004369           0.043900   \n",
       "NC__6.0            0.016727  -0.000138  0.007204           0.015714   \n",
       "NC__7.0           -0.004171  -0.012637 -0.005771           0.048301   \n",
       "NC__8.0            0.002985   0.025527 -0.016235          -0.039799   \n",
       "NC__9.0           -0.013320  -0.005862  0.025323          -0.112463   \n",
       "target            -0.027403  -0.010002 -0.079523          -0.120788   \n",
       "\n",
       "                   new_business  urban_flag  franchise_flag   NC__0.0  \\\n",
       "NoEmp                 -0.041427    0.001610        0.006409 -0.016303   \n",
       "CreateJob              0.039302    0.009062        0.050517 -0.008838   \n",
       "LowDoc                 0.153034   -0.120001        0.040841 -0.049313   \n",
       "DisbursementGross     -0.065443   -0.007016        0.085712 -0.068602   \n",
       "new_business           1.000000   -0.047592        0.137325 -0.005291   \n",
       "urban_flag            -0.047592    1.000000       -0.006588  0.022199   \n",
       "franchise_flag         0.137325   -0.006588        1.000000 -0.010759   \n",
       "NC__0.0               -0.005291    0.022199       -0.010759  1.000000   \n",
       "NC__1.0               -0.024386    0.018198       -0.044642 -0.088696   \n",
       "NC__2.0               -0.010386   -0.002799        0.002873 -0.127609   \n",
       "NC__3.0                0.004285   -0.037050       -0.045845 -0.063534   \n",
       "NC__4.0               -0.028791   -0.018612        0.033828 -0.067700   \n",
       "NC__5.0               -0.018141   -0.014210       -0.017579 -0.037360   \n",
       "NC__6.0               -0.033602   -0.014147       -0.035818 -0.067795   \n",
       "NC__7.0               -0.015115   -0.005308       -0.041060 -0.049722   \n",
       "NC__8.0                0.023212    0.019373        0.005895 -0.124879   \n",
       "NC__9.0                0.048799   -0.001896        0.071212 -0.176719   \n",
       "target                 0.013878    0.053785       -0.012731  0.127974   \n",
       "\n",
       "                    NC__1.0   NC__2.0   NC__3.0   NC__4.0   NC__5.0   NC__6.0  \\\n",
       "NoEmp              0.008755 -0.001148  0.000191  0.009203  0.013392  0.016727   \n",
       "CreateJob          0.003010 -0.004286 -0.012730  0.006490 -0.002643 -0.000138   \n",
       "LowDoc             0.007011  0.011771  0.011230 -0.012102  0.004369  0.007204   \n",
       "DisbursementGross  0.039203  0.034044  0.037285  0.145826  0.043900  0.015714   \n",
       "new_business      -0.024386 -0.010386  0.004285 -0.028791 -0.018141 -0.033602   \n",
       "urban_flag         0.018198 -0.002799 -0.037050 -0.018612 -0.014210 -0.014147   \n",
       "franchise_flag    -0.044642  0.002873 -0.045845  0.033828 -0.017579 -0.035818   \n",
       "NC__0.0           -0.088696 -0.127609 -0.063534 -0.067700 -0.037360 -0.067795   \n",
       "NC__1.0            1.000000 -0.145549 -0.072466 -0.077218 -0.042613 -0.077326   \n",
       "NC__2.0           -0.145549  1.000000 -0.104258 -0.111096 -0.061308 -0.111251   \n",
       "NC__3.0           -0.072466 -0.104258  1.000000 -0.055312 -0.030524 -0.055389   \n",
       "NC__4.0           -0.077218 -0.111096 -0.055312  1.000000 -0.032526 -0.059022   \n",
       "NC__5.0           -0.042613 -0.061308 -0.030524 -0.032526  1.000000 -0.032571   \n",
       "NC__6.0           -0.077326 -0.111251 -0.055389 -0.059022 -0.032571  1.000000   \n",
       "NC__7.0           -0.056712 -0.081593 -0.040624 -0.043288 -0.023888 -0.043348   \n",
       "NC__8.0           -0.142436 -0.204926 -0.102028 -0.108719 -0.059997 -0.108871   \n",
       "NC__9.0           -0.201564 -0.289995 -0.144382 -0.153851 -0.084902 -0.154065   \n",
       "target            -0.052553 -0.026948 -0.074715 -0.070026 -0.050256 -0.047039   \n",
       "\n",
       "                    NC__7.0   NC__8.0   NC__9.0    target  \n",
       "NoEmp             -0.004171  0.002985 -0.013320 -0.027403  \n",
       "CreateJob         -0.012637  0.025527 -0.005862 -0.010002  \n",
       "LowDoc            -0.005771 -0.016235  0.025323 -0.079523  \n",
       "DisbursementGross  0.048301 -0.039799 -0.112463 -0.120788  \n",
       "new_business      -0.015115  0.023212  0.048799  0.013878  \n",
       "urban_flag        -0.005308  0.019373 -0.001896  0.053785  \n",
       "franchise_flag    -0.041060  0.005895  0.071212 -0.012731  \n",
       "NC__0.0           -0.049722 -0.124879 -0.176719  0.127974  \n",
       "NC__1.0           -0.056712 -0.142436 -0.201564 -0.052553  \n",
       "NC__2.0           -0.081593 -0.204926 -0.289995 -0.026948  \n",
       "NC__3.0           -0.040624 -0.102028 -0.144382 -0.074715  \n",
       "NC__4.0           -0.043288 -0.108719 -0.153851 -0.070026  \n",
       "NC__5.0           -0.023888 -0.059997 -0.084902 -0.050256  \n",
       "NC__6.0           -0.043348 -0.108871 -0.154065 -0.047039  \n",
       "NC__7.0            1.000000 -0.079848 -0.112994 -0.073444  \n",
       "NC__8.0           -0.079848  1.000000 -0.283792  0.084024  \n",
       "NC__9.0           -0.112994 -0.283792  1.000000  0.051451  \n",
       "target            -0.073444  0.084024  0.051451  1.000000  "
      ]
     },
     "execution_count": 15,
     "metadata": {},
     "output_type": "execute_result"
    }
   ],
   "source": [
    "train_df[predictor_features + ['target']].corr()"
   ]
  },
  {
   "cell_type": "code",
   "execution_count": 16,
   "id": "1f8c475d-7ead-4f92-a19b-326343528f59",
   "metadata": {},
   "outputs": [],
   "source": [
    "with open(Path(setup.temp_path).joinpath('61_DATA_features_predict.pkl'), 'wb') as fout:\n",
    "    pickle.dump(predictor_features, fout)"
   ]
  },
  {
   "cell_type": "markdown",
   "id": "2b204a92-d109-4f6d-87a5-3d5dc05d2e5f",
   "metadata": {},
   "source": [
    "## Model Fit"
   ]
  },
  {
   "cell_type": "code",
   "execution_count": 17,
   "id": "c07828e0-5f5e-433f-9d96-fe78e9d668ff",
   "metadata": {},
   "outputs": [
    {
     "data": {
      "text/plain": [
       "{'subsample': 0.8,\n",
       " 'scale_pos_weight': 1.0,\n",
       " 'reg_lambda': 0.01,\n",
       " 'reg_alpha': 0.001,\n",
       " 'min_child_weight': 50,\n",
       " 'max_depth': 8,\n",
       " 'learning_rate': 0.1,\n",
       " 'gamma': 2}"
      ]
     },
     "execution_count": 17,
     "metadata": {},
     "output_type": "execute_result"
    }
   ],
   "source": [
    "best_params_df = pd.read_csv(Path(setup.temp_path).joinpath('03_REPORT_fit_parameter_selected.csv'))\n",
    "best_params = best_params_df.to_dict(orient='records')[0]\n",
    "best_params"
   ]
  },
  {
   "cell_type": "markdown",
   "id": "09bb1219-1d1e-432e-a2ca-be94168cf7ba",
   "metadata": {},
   "source": [
    "##### Fit using pre-determined parameters"
   ]
  },
  {
   "cell_type": "code",
   "execution_count": 18,
   "id": "3eeec4bc-9ca2-4d11-87b8-a81a7fa93383",
   "metadata": {},
   "outputs": [],
   "source": [
    "xgb_params = dict(best_params, \n",
    "                   **{'objective':\"binary:logistic\", 'n_estimators':setup.xgb_n_estimators})"
   ]
  },
  {
   "cell_type": "code",
   "execution_count": 19,
   "id": "7cb431ab-94aa-4922-8107-e97f0e50314f",
   "metadata": {},
   "outputs": [],
   "source": [
    "xgb_model = xgb.XGBClassifier(objective=\"binary:logistic\",\n",
    "                             n_estimators = setup.xgb_n_estimators)"
   ]
  },
  {
   "cell_type": "code",
   "execution_count": 20,
   "id": "1e17a637-89fd-4ee7-8e4f-a219133d2d75",
   "metadata": {},
   "outputs": [],
   "source": [
    "xgb_model = xgb_model.set_params(**xgb_params)"
   ]
  },
  {
   "cell_type": "code",
   "execution_count": 21,
   "id": "c3d7133b-075a-48a2-b9c8-c004dab7be61",
   "metadata": {},
   "outputs": [
    {
     "name": "stdout",
     "output_type": "stream",
     "text": [
      "[0]\tvalidation_0-logloss:0.50050\tvalidation_1-logloss:0.50414\n",
      "[1]\tvalidation_0-logloss:0.49314\tvalidation_1-logloss:0.49707\n",
      "[2]\tvalidation_0-logloss:0.48698\tvalidation_1-logloss:0.49120\n",
      "[3]\tvalidation_0-logloss:0.48180\tvalidation_1-logloss:0.48628\n",
      "[4]\tvalidation_0-logloss:0.47737\tvalidation_1-logloss:0.48209\n",
      "[5]\tvalidation_0-logloss:0.47371\tvalidation_1-logloss:0.47860\n",
      "[6]\tvalidation_0-logloss:0.47058\tvalidation_1-logloss:0.47562\n",
      "[7]\tvalidation_0-logloss:0.46796\tvalidation_1-logloss:0.47310\n",
      "[8]\tvalidation_0-logloss:0.46567\tvalidation_1-logloss:0.47097\n",
      "[9]\tvalidation_0-logloss:0.46343\tvalidation_1-logloss:0.46882\n",
      "[10]\tvalidation_0-logloss:0.46177\tvalidation_1-logloss:0.46726\n",
      "[11]\tvalidation_0-logloss:0.46011\tvalidation_1-logloss:0.46576\n",
      "[12]\tvalidation_0-logloss:0.45858\tvalidation_1-logloss:0.46430\n",
      "[13]\tvalidation_0-logloss:0.45729\tvalidation_1-logloss:0.46311\n",
      "[14]\tvalidation_0-logloss:0.45615\tvalidation_1-logloss:0.46207\n",
      "[15]\tvalidation_0-logloss:0.45528\tvalidation_1-logloss:0.46129\n",
      "[16]\tvalidation_0-logloss:0.45434\tvalidation_1-logloss:0.46044\n",
      "[17]\tvalidation_0-logloss:0.45358\tvalidation_1-logloss:0.45984\n",
      "[18]\tvalidation_0-logloss:0.45292\tvalidation_1-logloss:0.45921\n",
      "[19]\tvalidation_0-logloss:0.45239\tvalidation_1-logloss:0.45878\n",
      "[20]\tvalidation_0-logloss:0.45187\tvalidation_1-logloss:0.45832\n",
      "[21]\tvalidation_0-logloss:0.45138\tvalidation_1-logloss:0.45791\n",
      "[22]\tvalidation_0-logloss:0.45099\tvalidation_1-logloss:0.45760\n",
      "[23]\tvalidation_0-logloss:0.45058\tvalidation_1-logloss:0.45734\n",
      "[24]\tvalidation_0-logloss:0.45030\tvalidation_1-logloss:0.45714\n",
      "[25]\tvalidation_0-logloss:0.45002\tvalidation_1-logloss:0.45693\n",
      "[26]\tvalidation_0-logloss:0.44977\tvalidation_1-logloss:0.45675\n",
      "[27]\tvalidation_0-logloss:0.44952\tvalidation_1-logloss:0.45656\n",
      "[28]\tvalidation_0-logloss:0.44933\tvalidation_1-logloss:0.45643\n",
      "[29]\tvalidation_0-logloss:0.44913\tvalidation_1-logloss:0.45633\n"
     ]
    },
    {
     "data": {
      "text/html": [
