{
 "cells": [
  {
   "cell_type": "code",
   "execution_count": 1,
   "id": "4c65f557-651f-4958-a567-a1b6b5a82b2b",
   "metadata": {
    "tags": []
   },
   "outputs": [],
   "source": [
    "# Modify the file 00_setup.py to define input/output file paths on your system\n",
    "# The information in 00_setup.py will be used across notebooks\n",
    "from importlib.machinery import SourceFileLoader\n",
    "setup = SourceFileLoader(\"setup\", \"./00_setup.py\").load_module()"
   ]
  },
  {
   "cell_type": "markdown",
   "id": "b01d0fdb-d4bf-465a-8541-997addc50b0c",
   "metadata": {},
   "source": [
    "# XGBoost with one-hot NAICS Clusters (DGI Base)\n",
    "XGBoost model, one hot encoded values from k means clustering"
   ]
  },
  {
   "cell_type": "markdown",
   "id": "56161f89-1f54-47f9-860d-3f945a941c1f",
   "metadata": {},
   "source": [
    "*This script takes about 5 minutes on my MacBook Air*"
   ]
  },
  {
   "cell_type": "code",
   "execution_count": 2,
   "id": "ec6b1778-7abc-4129-ab5f-ac2992bd8ca6",
   "metadata": {},
   "outputs": [],
   "source": [
    "import pandas as pd\n",
    "import numpy as np\n",
    "import xgboost as xgb\n",
    "import warnings\n",
    "import matplotlib.pyplot as plt\n",
    "import pickle"
   ]
  },
  {
   "cell_type": "code",
   "execution_count": 3,
   "id": "785af927-a634-4e34-84c4-7a532236f2ca",
   "metadata": {},
   "outputs": [],
   "source": [
    "from pathlib import Path"
   ]
  },
  {
   "cell_type": "code",
   "execution_count": 4,
   "id": "fd09527b-32dd-47fa-b62f-f9307f89f553",
   "metadata": {},
   "outputs": [],
   "source": [
    "import sklearn as sk\n",
    "from sklearn.model_selection import RandomizedSearchCV\n",
    "from sklearn.inspection import permutation_importance, partial_dependence\n",
    "from scikitplot.metrics import plot_lift_curve"
   ]
  },
  {
   "cell_type": "code",
   "execution_count": 5,
   "id": "0732ba40-8318-457b-b29f-f9b6de3b70aa",
   "metadata": {},
   "outputs": [],
   "source": [
    "from sba_gnn.sba_gnn import sg_plot "
   ]
  },
  {
   "cell_type": "markdown",
   "id": "d14a5947-6599-4253-acf3-91ddeffdedd3",
   "metadata": {},
   "source": [
    "## Import Processed Datasets"
   ]
  },
  {
   "cell_type": "markdown",
   "id": "b0e80daf-7e62-47ae-b9f4-e04468135f3e",
   "metadata": {},
   "source": [
    "##### Get loans data, append clusters"
   ]
  },
  {
   "cell_type": "code",
   "execution_count": 6,
   "id": "f6bc5cc5-b635-420f-852c-6cc9bba68a52",
   "metadata": {},
   "outputs": [],
   "source": [
    "sba_loans = pd.read_parquet(Path(setup.temp_path).joinpath('01_DATA_transformed.parquet'))"
   ]
  },
  {
   "cell_type": "code",
   "execution_count": 7,
   "id": "24785791-96b2-42a3-b6bb-307a60291c06",
   "metadata": {},
   "outputs": [
    {
     "data": {
      "text/plain": [
       "Index(['NAICS', 'NAICS_2', 'NAICS_sector', 'NAICS_sector_desc', 'NAICS_num',\n",
       "       'NAICS_5', 'NAICS_4', 'NAICS_3', 'menc_NAICS', 'menc_NAICS_5',\n",
       "       'menc_NAICS_4', 'menc_NAICS_3', 'menc_NAICS_sector', 'mhier_NAICS',\n",
       "       'cenc_NAICS'],\n",
       "      dtype='object')"
      ]
     },
     "execution_count": 7,
     "metadata": {},
     "output_type": "execute_result"
    }
   ],
   "source": [
    "sba_loans.filter(like='NAICS').columns"
   ]
  },
  {
   "cell_type": "code",
   "execution_count": 8,
   "id": "5d9230bf-f527-42c9-832a-e353f32487ab",
   "metadata": {},
   "outputs": [],
   "source": [
    "embed_df = pd.read_parquet(Path(setup.temp_path).joinpath('63_DATA_embeddings_tsne_naics.parquet'))"
   ]
  },
  {
   "cell_type": "code",
   "execution_count": 9,
   "id": "f61f3bb8-2f9b-4d2d-a85d-c9c932521b47",
   "metadata": {},
   "outputs": [
    {
     "data": {
      "text/plain": [
       "10"
      ]
     },
     "execution_count": 9,
     "metadata": {},
     "output_type": "execute_result"
    }
   ],
   "source": [
    "clus_cols = [c for c in embed_df if c.startswith('NC_')]\n",
    "len(clus_cols)"
   ]
  },
  {
   "cell_type": "code",
   "execution_count": 10,
   "id": "3533831b-fe3e-46e7-bc21-b0d6f4fb689d",
   "metadata": {},
   "outputs": [],
   "source": [
    "sba_loans = sba_loans.drop(columns = clus_cols, errors='ignore') \\\n",
    "    .merge(embed_df[clus_cols + ['NAICS_orig']].rename(columns={'NAICS_orig':'NAICS'}),\n",
    "           on='NAICS', how='left')"
   ]
  },
  {
   "cell_type": "code",
   "execution_count": 11,
   "id": "042aae2d-f88d-4060-994f-629349a5bff1",
   "metadata": {},
   "outputs": [
    {
     "data": {
      "text/html": [
       "<div>\n",
       "<style scoped>\n",
       "    .dataframe tbody tr th:only-of-type {\n",
       "        vertical-align: middle;\n",
       "    }\n",
       "\n",
       "    .dataframe tbody tr th {\n",
       "        vertical-align: top;\n",
       "    }\n",
       "\n",
       "    .dataframe thead th {\n",
       "        text-align: right;\n",
       "    }\n",
       "</style>\n",
       "<table border=\"1\" class=\"dataframe\">\n",
       "  <thead>\n",
       "    <tr style=\"text-align: right;\">\n",
       "      <th></th>\n",
       "      <th>NC__0</th>\n",
       "      <th>NC__1</th>\n",
       "      <th>NC__2</th>\n",
       "      <th>NC__3</th>\n",
       "      <th>NC__4</th>\n",
       "      <th>NC__5</th>\n",
       "      <th>NC__6</th>\n",
       "      <th>NC__7</th>\n",
       "      <th>NC__8</th>\n",
       "      <th>NC__9</th>\n",
       "    </tr>\n",
       "  </thead>\n",
       "  <tbody>\n",
       "    <tr>\n",
       "      <th>count</th>\n",
       "      <td>688081.000000</td>\n",
       "      <td>688081.000000</td>\n",
       "      <td>688081.000000</td>\n",
       "      <td>688081.000000</td>\n",
       "      <td>688081.000000</td>\n",
       "      <td>688081.000000</td>\n",
       "      <td>688081.000000</td>\n",
       "      <td>688081.000000</td>\n",
       "      <td>688081.000000</td>\n",
       "      <td>688081.000000</td>\n",
       "    </tr>\n",
       "    <tr>\n",
       "      <th>mean</th>\n",
       "      <td>0.049897</td>\n",
       "      <td>0.146441</td>\n",
       "      <td>0.186923</td>\n",
       "      <td>0.097387</td>\n",
       "      <td>0.075818</td>\n",
       "      <td>0.023701</td>\n",
       "      <td>0.075177</td>\n",
       "      <td>0.178871</td>\n",
       "      <td>0.091507</td>\n",
       "      <td>0.074279</td>\n",
       "    </tr>\n",
       "    <tr>\n",
       "      <th>std</th>\n",
       "      <td>0.217732</td>\n",
       "      <td>0.353548</td>\n",
       "      <td>0.389850</td>\n",
       "      <td>0.296484</td>\n",
       "      <td>0.264707</td>\n",
       "      <td>0.152115</td>\n",
       "      <td>0.263677</td>\n",
       "      <td>0.383245</td>\n",
       "      <td>0.288328</td>\n",
       "      <td>0.262225</td>\n",
       "    </tr>\n",
       "    <tr>\n",
       "      <th>min</th>\n",
       "      <td>0.000000</td>\n",
       "      <td>0.000000</td>\n",
       "      <td>0.000000</td>\n",
       "      <td>0.000000</td>\n",
       "      <td>0.000000</td>\n",
       "      <td>0.000000</td>\n",
       "      <td>0.000000</td>\n",
       "      <td>0.000000</td>\n",
       "      <td>0.000000</td>\n",
       "      <td>0.000000</td>\n",
       "    </tr>\n",
       "    <tr>\n",
       "      <th>25%</th>\n",
       "      <td>0.000000</td>\n",
       "      <td>0.000000</td>\n",
       "      <td>0.000000</td>\n",
       "      <td>0.000000</td>\n",
       "      <td>0.000000</td>\n",
       "      <td>0.000000</td>\n",
       "      <td>0.000000</td>\n",
       "      <td>0.000000</td>\n",
       "      <td>0.000000</td>\n",
       "      <td>0.000000</td>\n",
       "    </tr>\n",
       "    <tr>\n",
       "      <th>50%</th>\n",
       "      <td>0.000000</td>\n",
       "      <td>0.000000</td>\n",
       "      <td>0.000000</td>\n",
       "      <td>0.000000</td>\n",
       "      <td>0.000000</td>\n",
       "      <td>0.000000</td>\n",
       "      <td>0.000000</td>\n",
       "      <td>0.000000</td>\n",
       "      <td>0.000000</td>\n",
       "      <td>0.000000</td>\n",
       "    </tr>\n",
       "    <tr>\n",
       "      <th>75%</th>\n",
       "      <td>0.000000</td>\n",
       "      <td>0.000000</td>\n",
       "      <td>0.000000</td>\n",
       "      <td>0.000000</td>\n",
       "      <td>0.000000</td>\n",
       "      <td>0.000000</td>\n",
       "      <td>0.000000</td>\n",
       "      <td>0.000000</td>\n",
       "      <td>0.000000</td>\n",
       "      <td>0.000000</td>\n",
       "    </tr>\n",
       "    <tr>\n",
       "      <th>max</th>\n",
       "      <td>1.000000</td>\n",
       "      <td>1.000000</td>\n",
       "      <td>1.000000</td>\n",
       "      <td>1.000000</td>\n",
       "      <td>1.000000</td>\n",
       "      <td>1.000000</td>\n",
       "      <td>1.000000</td>\n",
       "      <td>1.000000</td>\n",
       "      <td>1.000000</td>\n",
       "      <td>1.000000</td>\n",
       "    </tr>\n",
       "  </tbody>\n",
       "</table>\n",
       "</div>"
      ],
      "text/plain": [
       "               NC__0          NC__1          NC__2          NC__3  \\\n",
       "count  688081.000000  688081.000000  688081.000000  688081.000000   \n",
       "mean        0.049897       0.146441       0.186923       0.097387   \n",
       "std         0.217732       0.353548       0.389850       0.296484   \n",
       "min         0.000000       0.000000       0.000000       0.000000   \n",
       "25%         0.000000       0.000000       0.000000       0.000000   \n",
       "50%         0.000000       0.000000       0.000000       0.000000   \n",
       "75%         0.000000       0.000000       0.000000       0.000000   \n",
       "max         1.000000       1.000000       1.000000       1.000000   \n",
       "\n",
       "               NC__4          NC__5          NC__6          NC__7  \\\n",
       "count  688081.000000  688081.000000  688081.000000  688081.000000   \n",
       "mean        0.075818       0.023701       0.075177       0.178871   \n",
       "std         0.264707       0.152115       0.263677       0.383245   \n",
       "min         0.000000       0.000000       0.000000       0.000000   \n",
       "25%         0.000000       0.000000       0.000000       0.000000   \n",
       "50%         0.000000       0.000000       0.000000       0.000000   \n",
       "75%         0.000000       0.000000       0.000000       0.000000   \n",
       "max         1.000000       1.000000       1.000000       1.000000   \n",
       "\n",
       "               NC__8          NC__9  \n",
       "count  688081.000000  688081.000000  \n",
       "mean        0.091507       0.074279  \n",
       "std         0.288328       0.262225  \n",
       "min         0.000000       0.000000  \n",
       "25%         0.000000       0.000000  \n",
       "50%         0.000000       0.000000  \n",
       "75%         0.000000       0.000000  \n",
       "max         1.000000       1.000000  "
      ]
     },
     "execution_count": 11,
     "metadata": {},
     "output_type": "execute_result"
    }
   ],
   "source": [
    "sba_loans[clus_cols].describe()"
   ]
  },
  {
   "cell_type": "code",
   "execution_count": 12,
   "id": "a5f6c362-c1ab-48d8-812b-2b970b06586b",
   "metadata": {},
   "outputs": [],
   "source": [
    "train_df = sba_loans[sba_loans['dset'] == 'train'].copy()\n",
    "test_df = sba_loans[sba_loans['dset'] == 'test']\n",
    "val_df = sba_loans[sba_loans['dset'] == 'val']"
   ]
  },
  {
   "cell_type": "code",
   "execution_count": 13,
   "id": "7b1db53b-181c-450d-9f7e-be350bc3111f",
   "metadata": {},
   "outputs": [
    {
     "data": {
      "text/plain": [
       "(436120, 68)"
      ]
     },
     "execution_count": 13,
     "metadata": {},
     "output_type": "execute_result"
    }
   ],
   "source": [
    "train_df.shape"
   ]
  },
  {
   "cell_type": "markdown",
   "id": "f2160b50-1e22-44f0-915b-0241ebcd45d4",
   "metadata": {},
   "source": [
    "#### Set the predictor features.  Include one-hot NAICS"
   ]
  },
  {
   "cell_type": "code",
   "execution_count": 14,
   "id": "c07ddd4e-6987-454a-926a-3b59abf6caa6",
   "metadata": {},
   "outputs": [
    {
     "name": "stdout",
     "output_type": "stream",
     "text": [
      "['NoEmp', 'CreateJob', 'LowDoc', 'DisbursementGross', 'new_business', 'urban_flag', 'franchise_flag', 'NC__0', 'NC__1', 'NC__2', 'NC__3', 'NC__4', 'NC__5', 'NC__6', 'NC__7', 'NC__8', 'NC__9']\n"
     ]
    }
   ],
   "source": [
    "predictor_features = setup.predictor_features + clus_cols\n",
    "print(predictor_features)"
   ]
  },
  {
   "cell_type": "code",
   "execution_count": 15,
   "id": "2a4f4a9e-f7e5-4143-b1e4-b5fbb5f7280d",
   "metadata": {},
   "outputs": [
    {
     "data": {
      "text/html": [
       "<div>\n",
       "<style scoped>\n",
       "    .dataframe tbody tr th:only-of-type {\n",
       "        vertical-align: middle;\n",
       "    }\n",
       "\n",
       "    .dataframe tbody tr th {\n",
       "        vertical-align: top;\n",
       "    }\n",
       "\n",
       "    .dataframe thead th {\n",
       "        text-align: right;\n",
       "    }\n",
       "</style>\n",
       "<table border=\"1\" class=\"dataframe\">\n",
       "  <thead>\n",
       "    <tr style=\"text-align: right;\">\n",
       "      <th></th>\n",
       "      <th>NoEmp</th>\n",
       "      <th>CreateJob</th>\n",
       "      <th>LowDoc</th>\n",
       "      <th>DisbursementGross</th>\n",
       "      <th>new_business</th>\n",
       "      <th>urban_flag</th>\n",
       "      <th>franchise_flag</th>\n",
       "      <th>NC__0</th>\n",
       "      <th>NC__1</th>\n",
       "      <th>NC__2</th>\n",
       "      <th>NC__3</th>\n",
       "      <th>NC__4</th>\n",
       "      <th>NC__5</th>\n",
       "      <th>NC__6</th>\n",
       "      <th>NC__7</th>\n",
       "      <th>NC__8</th>\n",
       "      <th>NC__9</th>\n",
       "      <th>target</th>\n",
       "    </tr>\n",
       "  </thead>\n",
       "  <tbody>\n",
       "    <tr>\n",
       "      <th>NoEmp</th>\n",
       "      <td>1.000000</td>\n",
       "      <td>0.062158</td>\n",
       "      <td>-0.013926</td>\n",
       "      <td>0.095658</td>\n",
       "      <td>-0.041427</td>\n",
       "      <td>0.001610</td>\n",
       "      <td>0.006409</td>\n",
       "      <td>-0.001251</td>\n",
       "      <td>0.039450</td>\n",
       "      <td>-0.032531</td>\n",
       "      <td>-0.009031</td>\n",
       "      <td>0.016644</td>\n",
       "      <td>-0.009967</td>\n",
       "      <td>-0.013065</td>\n",
       "      <td>0.011720</td>\n",
       "      <td>-0.022193</td>\n",
       "      <td>0.018972</td>\n",
       "      <td>-0.027403</td>\n",
       "    </tr>\n",
       "    <tr>\n",
       "      <th>CreateJob</th>\n",
       "      <td>0.062158</td>\n",
       "      <td>1.000000</td>\n",
       "      <td>-0.062740</td>\n",
       "      <td>0.134686</td>\n",
       "      <td>0.039302</td>\n",
       "      <td>0.009062</td>\n",
       "      <td>0.050517</td>\n",
       "      <td>0.001293</td>\n",
       "      <td>0.001112</td>\n",
       "      <td>-0.045145</td>\n",
       "      <td>-0.017379</td>\n",
       "      <td>0.057137</td>\n",
       "      <td>-0.022228</td>\n",
       "      <td>-0.005662</td>\n",
       "      <td>0.039717</td>\n",
       "      <td>-0.017924</td>\n",
       "      <td>0.006420</td>\n",
       "      <td>-0.010002</td>\n",
       "    </tr>\n",
       "    <tr>\n",
       "      <th>LowDoc</th>\n",
       "      <td>-0.013926</td>\n",
       "      <td>-0.062740</td>\n",
       "      <td>1.000000</td>\n",
       "      <td>-0.133141</td>\n",
       "      <td>0.153034</td>\n",
       "      <td>-0.120001</td>\n",
       "      <td>0.040841</td>\n",
       "      <td>-0.030072</td>\n",
       "      <td>0.031946</td>\n",
       "      <td>0.058721</td>\n",
       "      <td>0.032489</td>\n",
       "      <td>-0.031427</td>\n",
       "      <td>0.041457</td>\n",
       "      <td>-0.032894</td>\n",
       "      <td>-0.059609</td>\n",
       "      <td>-0.044247</td>\n",
       "      <td>0.038051</td>\n",
       "      <td>-0.079523</td>\n",
       "    </tr>\n",
       "    <tr>\n",
       "      <th>DisbursementGross</th>\n",
       "      <td>0.095658</td>\n",
       "      <td>0.134686</td>\n",
       "      <td>-0.133141</td>\n",
       "      <td>1.000000</td>\n",
       "      <td>-0.065443</td>\n",
       "      <td>-0.007016</td>\n",
       "      <td>0.085712</td>\n",
       "      <td>0.026609</td>\n",
       "      <td>0.100710</td>\n",
       "      <td>-0.117388</td>\n",
       "      <td>-0.013242</td>\n",
       "      <td>0.120947</td>\n",
       "      <td>0.009045</td>\n",
       "      <td>-0.056595</td>\n",
       "      <td>0.027489</td>\n",
       "      <td>-0.076479</td>\n",
       "      <td>0.014295</td>\n",
       "      <td>-0.120788</td>\n",
       "    </tr>\n",
       "    <tr>\n",
       "      <th>new_business</th>\n",
       "      <td>-0.041427</td>\n",
       "      <td>0.039302</td>\n",
       "      <td>0.153034</td>\n",
       "      <td>-0.065443</td>\n",
       "      <td>1.000000</td>\n",
       "      <td>-0.047592</td>\n",
       "      <td>0.137325</td>\n",
       "      <td>-0.017737</td>\n",
       "      <td>-0.077412</td>\n",
       "      <td>0.027323</td>\n",
       "      <td>0.005622</td>\n",
       "      <td>0.049729</td>\n",
       "      <td>0.014816</td>\n",
       "      <td>0.003302</td>\n",
       "      <td>0.003898</td>\n",
       "      <td>0.005165</td>\n",
       "      <td>-0.007735</td>\n",
       "      <td>0.013878</td>\n",
       "    </tr>\n",
       "    <tr>\n",
       "      <th>urban_flag</th>\n",
       "      <td>0.001610</td>\n",
       "      <td>0.009062</td>\n",
       "      <td>-0.120001</td>\n",
       "      <td>-0.007016</td>\n",
       "      <td>-0.047592</td>\n",
       "      <td>1.000000</td>\n",
       "      <td>-0.006588</td>\n",
       "      <td>0.011474</td>\n",
       "      <td>-0.007665</td>\n",
       "      <td>0.029411</td>\n",
       "      <td>0.000604</td>\n",
       "      <td>-0.023595</td>\n",
       "      <td>-0.073397</td>\n",
       "      <td>0.026477</td>\n",
       "      <td>-0.017922</td>\n",
       "      <td>0.000422</td>\n",
       "      <td>0.011932</td>\n",
       "      <td>0.053785</td>\n",
       "    </tr>\n",
       "    <tr>\n",
       "      <th>franchise_flag</th>\n",
       "      <td>0.006409</td>\n",
       "      <td>0.050517</td>\n",
       "      <td>0.040841</td>\n",
       "      <td>0.085712</td>\n",
       "      <td>0.137325</td>\n",
       "      <td>-0.006588</td>\n",
       "      <td>1.000000</td>\n",
       "      <td>-0.029647</td>\n",
       "      <td>-0.062352</td>\n",
       "      <td>-0.045916</td>\n",
       "      <td>-0.009740</td>\n",
       "      <td>0.243450</td>\n",
       "      <td>-0.007207</td>\n",
       "      <td>-0.016383</td>\n",
       "      <td>-0.000791</td>\n",
       "      <td>-0.011204</td>\n",
       "      <td>-0.026685</td>\n",
       "      <td>-0.012731</td>\n",
       "    </tr>\n",
       "    <tr>\n",
       "      <th>NC__0</th>\n",
       "      <td>-0.001251</td>\n",
       "      <td>0.001293</td>\n",
       "      <td>-0.030072</td>\n",
       "      <td>0.026609</td>\n",
       "      <td>-0.017737</td>\n",
       "      <td>0.011474</td>\n",
       "      <td>-0.029647</td>\n",
       "      <td>1.000000</td>\n",
       "      <td>-0.088821</td>\n",
       "      <td>-0.113793</td>\n",
       "      <td>-0.071745</td>\n",
       "      <td>-0.066251</td>\n",
       "      <td>-0.037693</td>\n",
       "      <td>-0.067956</td>\n",
       "      <td>-0.111439</td>\n",
       "      <td>-0.073060</td>\n",
       "      <td>-0.066097</td>\n",
       "      <td>0.004749</td>\n",
       "    </tr>\n",
       "    <tr>\n",
       "      <th>NC__1</th>\n",
       "      <td>0.039450</td>\n",
       "      <td>0.001112</td>\n",
       "      <td>0.031946</td>\n",
       "      <td>0.100710</td>\n",
       "      <td>-0.077412</td>\n",
       "      <td>-0.007665</td>\n",
       "      <td>-0.062352</td>\n",
       "      <td>-0.088821</td>\n",
       "      <td>1.000000</td>\n",
       "      <td>-0.189485</td>\n",
       "      <td>-0.119466</td>\n",
       "      <td>-0.110319</td>\n",
       "      <td>-0.062765</td>\n",
       "      <td>-0.113158</td>\n",
       "      <td>-0.185564</td>\n",
       "      <td>-0.121657</td>\n",
       "      <td>-0.110063</td>\n",
       "      <td>-0.112656</td>\n",
       "    </tr>\n",
       "    <tr>\n",
       "      <th>NC__2</th>\n",
       "      <td>-0.032531</td>\n",
       "      <td>-0.045145</td>\n",
       "      <td>0.058721</td>\n",
       "      <td>-0.117388</td>\n",
       "      <td>0.027323</td>\n",
       "      <td>0.029411</td>\n",
       "      <td>-0.045916</td>\n",
       "      <td>-0.113793</td>\n",
       "      <td>-0.189485</td>\n",
       "      <td>1.000000</td>\n",
       "      <td>-0.153055</td>\n",
       "      <td>-0.141335</td>\n",
       "      <td>-0.080412</td>\n",
       "      <td>-0.144972</td>\n",
       "      <td>-0.237736</td>\n",
       "      <td>-0.155861</td>\n",
       "      <td>-0.141007</td>\n",
       "      <td>0.024789</td>\n",
       "    </tr>\n",
       "    <tr>\n",
       "      <th>NC__3</th>\n",
       "      <td>-0.009031</td>\n",
       "      <td>-0.017379</td>\n",
       "      <td>0.032489</td>\n",
       "      <td>-0.013242</td>\n",
       "      <td>0.005622</td>\n",
       "      <td>0.000604</td>\n",
       "      <td>-0.009740</td>\n",
       "      <td>-0.071745</td>\n",
       "      <td>-0.119466</td>\n",
       "      <td>-0.153055</td>\n",
       "      <td>1.000000</td>\n",
       "      <td>-0.089109</td>\n",
       "      <td>-0.050698</td>\n",
       "      <td>-0.091402</td>\n",
       "      <td>-0.149888</td>\n",
       "      <td>-0.098267</td>\n",
       "      <td>-0.088902</td>\n",
       "      <td>-0.018754</td>\n",
       "    </tr>\n",
       "    <tr>\n",
       "      <th>NC__4</th>\n",
       "      <td>0.016644</td>\n",
       "      <td>0.057137</td>\n",
       "      <td>-0.031427</td>\n",
       "      <td>0.120947</td>\n",
       "      <td>0.049729</td>\n",
       "      <td>-0.023595</td>\n",
       "      <td>0.243450</td>\n",
       "      <td>-0.066251</td>\n",
       "      <td>-0.110319</td>\n",
       "      <td>-0.141335</td>\n",
       "      <td>-0.089109</td>\n",
       "      <td>1.000000</td>\n",
       "      <td>-0.046816</td>\n",
       "      <td>-0.084403</td>\n",
       "      <td>-0.138411</td>\n",
       "      <td>-0.090743</td>\n",
       "      <td>-0.082095</td>\n",
       "      <td>-0.005252</td>\n",
       "    </tr>\n",
       "    <tr>\n",
       "      <th>NC__5</th>\n",
       "      <td>-0.009967</td>\n",
       "      <td>-0.022228</td>\n",
       "      <td>0.041457</td>\n",
       "      <td>0.009045</td>\n",
       "      <td>0.014816</td>\n",
       "      <td>-0.073397</td>\n",
       "      <td>-0.007207</td>\n",
       "      <td>-0.037693</td>\n",
       "      <td>-0.062765</td>\n",
       "      <td>-0.080412</td>\n",
       "      <td>-0.050698</td>\n",
       "      <td>-0.046816</td>\n",
       "      <td>1.000000</td>\n",
       "      <td>-0.048021</td>\n",
       "      <td>-0.078748</td>\n",
       "      <td>-0.051628</td>\n",
       "      <td>-0.046707</td>\n",
       "      <td>-0.034845</td>\n",
       "    </tr>\n",
       "    <tr>\n",
       "      <th>NC__6</th>\n",
       "      <td>-0.013065</td>\n",
       "      <td>-0.005662</td>\n",
       "      <td>-0.032894</td>\n",
       "      <td>-0.056595</td>\n",
       "      <td>0.003302</td>\n",
       "      <td>0.026477</td>\n",
       "      <td>-0.016383</td>\n",
       "      <td>-0.067956</td>\n",
       "      <td>-0.113158</td>\n",
       "      <td>-0.144972</td>\n",
       "      <td>-0.091402</td>\n",
       "      <td>-0.084403</td>\n",
       "      <td>-0.048021</td>\n",
       "      <td>1.000000</td>\n",
       "      <td>-0.141973</td>\n",
       "      <td>-0.093078</td>\n",
       "      <td>-0.084208</td>\n",
       "      <td>0.045070</td>\n",
       "    </tr>\n",
       "    <tr>\n",
       "      <th>NC__7</th>\n",
       "      <td>0.011720</td>\n",
       "      <td>0.039717</td>\n",
       "      <td>-0.059609</td>\n",
       "      <td>0.027489</td>\n",
       "      <td>0.003898</td>\n",
       "      <td>-0.017922</td>\n",
       "      <td>-0.000791</td>\n",
       "      <td>-0.111439</td>\n",
       "      <td>-0.185564</td>\n",
       "      <td>-0.237736</td>\n",
       "      <td>-0.149888</td>\n",
       "      <td>-0.138411</td>\n",
       "      <td>-0.078748</td>\n",
       "      <td>-0.141973</td>\n",
       "      <td>1.000000</td>\n",
       "      <td>-0.152636</td>\n",
       "      <td>-0.138090</td>\n",
       "      <td>0.044266</td>\n",
       "    </tr>\n",
       "    <tr>\n",
       "      <th>NC__8</th>\n",
       "      <td>-0.022193</td>\n",
       "      <td>-0.017924</td>\n",
       "      <td>-0.044247</td>\n",
       "      <td>-0.076479</td>\n",
       "      <td>0.005165</td>\n",
       "      <td>0.000422</td>\n",
       "      <td>-0.011204</td>\n",
       "      <td>-0.073060</td>\n",
       "      <td>-0.121657</td>\n",
       "      <td>-0.155861</td>\n",
       "      <td>-0.098267</td>\n",
       "      <td>-0.090743</td>\n",
       "      <td>-0.051628</td>\n",
       "      <td>-0.093078</td>\n",
       "      <td>-0.152636</td>\n",
       "      <td>1.000000</td>\n",
       "      <td>-0.090532</td>\n",
       "      <td>0.081190</td>\n",
       "    </tr>\n",
       "    <tr>\n",
       "      <th>NC__9</th>\n",
       "      <td>0.018972</td>\n",
       "      <td>0.006420</td>\n",
       "      <td>0.038051</td>\n",
       "      <td>0.014295</td>\n",
       "      <td>-0.007735</td>\n",
       "      <td>0.011932</td>\n",
       "      <td>-0.026685</td>\n",
       "      <td>-0.066097</td>\n",
       "      <td>-0.110063</td>\n",
       "      <td>-0.141007</td>\n",
       "      <td>-0.088902</td>\n",
       "      <td>-0.082095</td>\n",
       "      <td>-0.046707</td>\n",
       "      <td>-0.084208</td>\n",
       "      <td>-0.138090</td>\n",
       "      <td>-0.090532</td>\n",
       "      <td>1.000000</td>\n",
       "      <td>-0.052013</td>\n",
       "    </tr>\n",
       "    <tr>\n",
       "      <th>target</th>\n",
       "      <td>-0.027403</td>\n",
       "      <td>-0.010002</td>\n",
       "      <td>-0.079523</td>\n",
       "      <td>-0.120788</td>\n",
       "      <td>0.013878</td>\n",
       "      <td>0.053785</td>\n",
       "      <td>-0.012731</td>\n",
       "      <td>0.004749</td>\n",
       "      <td>-0.112656</td>\n",
       "      <td>0.024789</td>\n",
       "      <td>-0.018754</td>\n",
       "      <td>-0.005252</td>\n",
       "      <td>-0.034845</td>\n",
       "      <td>0.045070</td>\n",
       "      <td>0.044266</td>\n",
       "      <td>0.081190</td>\n",
       "      <td>-0.052013</td>\n",
       "      <td>1.000000</td>\n",
       "    </tr>\n",
       "  </tbody>\n",
       "</table>\n",
       "</div>"
      ],
      "text/plain": [
       "                      NoEmp  CreateJob    LowDoc  DisbursementGross  \\\n",
       "NoEmp              1.000000   0.062158 -0.013926           0.095658   \n",
       "CreateJob          0.062158   1.000000 -0.062740           0.134686   \n",
       "LowDoc            -0.013926  -0.062740  1.000000          -0.133141   \n",
       "DisbursementGross  0.095658   0.134686 -0.133141           1.000000   \n",
       "new_business      -0.041427   0.039302  0.153034          -0.065443   \n",
       "urban_flag         0.001610   0.009062 -0.120001          -0.007016   \n",
       "franchise_flag     0.006409   0.050517  0.040841           0.085712   \n",
       "NC__0             -0.001251   0.001293 -0.030072           0.026609   \n",
       "NC__1              0.039450   0.001112  0.031946           0.100710   \n",
       "NC__2             -0.032531  -0.045145  0.058721          -0.117388   \n",
       "NC__3             -0.009031  -0.017379  0.032489          -0.013242   \n",
       "NC__4              0.016644   0.057137 -0.031427           0.120947   \n",
       "NC__5             -0.009967  -0.022228  0.041457           0.009045   \n",
       "NC__6             -0.013065  -0.005662 -0.032894          -0.056595   \n",
       "NC__7              0.011720   0.039717 -0.059609           0.027489   \n",
       "NC__8             -0.022193  -0.017924 -0.044247          -0.076479   \n",
       "NC__9              0.018972   0.006420  0.038051           0.014295   \n",
       "target            -0.027403  -0.010002 -0.079523          -0.120788   \n",
       "\n",
       "                   new_business  urban_flag  franchise_flag     NC__0  \\\n",
       "NoEmp                 -0.041427    0.001610        0.006409 -0.001251   \n",
       "CreateJob              0.039302    0.009062        0.050517  0.001293   \n",
       "LowDoc                 0.153034   -0.120001        0.040841 -0.030072   \n",
       "DisbursementGross     -0.065443   -0.007016        0.085712  0.026609   \n",
       "new_business           1.000000   -0.047592        0.137325 -0.017737   \n",
       "urban_flag            -0.047592    1.000000       -0.006588  0.011474   \n",
       "franchise_flag         0.137325   -0.006588        1.000000 -0.029647   \n",
       "NC__0                 -0.017737    0.011474       -0.029647  1.000000   \n",
       "NC__1                 -0.077412   -0.007665       -0.062352 -0.088821   \n",
       "NC__2                  0.027323    0.029411       -0.045916 -0.113793   \n",
       "NC__3                  0.005622    0.000604       -0.009740 -0.071745   \n",
       "NC__4                  0.049729   -0.023595        0.243450 -0.066251   \n",
       "NC__5                  0.014816   -0.073397       -0.007207 -0.037693   \n",
       "NC__6                  0.003302    0.026477       -0.016383 -0.067956   \n",
       "NC__7                  0.003898   -0.017922       -0.000791 -0.111439   \n",
       "NC__8                  0.005165    0.000422       -0.011204 -0.073060   \n",
       "NC__9                 -0.007735    0.011932       -0.026685 -0.066097   \n",
       "target                 0.013878    0.053785       -0.012731  0.004749   \n",
       "\n",
       "                      NC__1     NC__2     NC__3     NC__4     NC__5     NC__6  \\\n",
       "NoEmp              0.039450 -0.032531 -0.009031  0.016644 -0.009967 -0.013065   \n",
       "CreateJob          0.001112 -0.045145 -0.017379  0.057137 -0.022228 -0.005662   \n",
       "LowDoc             0.031946  0.058721  0.032489 -0.031427  0.041457 -0.032894   \n",
       "DisbursementGross  0.100710 -0.117388 -0.013242  0.120947  0.009045 -0.056595   \n",
       "new_business      -0.077412  0.027323  0.005622  0.049729  0.014816  0.003302   \n",
       "urban_flag        -0.007665  0.029411  0.000604 -0.023595 -0.073397  0.026477   \n",
       "franchise_flag    -0.062352 -0.045916 -0.009740  0.243450 -0.007207 -0.016383   \n",
       "NC__0             -0.088821 -0.113793 -0.071745 -0.066251 -0.037693 -0.067956   \n",
       "NC__1              1.000000 -0.189485 -0.119466 -0.110319 -0.062765 -0.113158   \n",
       "NC__2             -0.189485  1.000000 -0.153055 -0.141335 -0.080412 -0.144972   \n",
       "NC__3             -0.119466 -0.153055  1.000000 -0.089109 -0.050698 -0.091402   \n",
       "NC__4             -0.110319 -0.141335 -0.089109  1.000000 -0.046816 -0.084403   \n",
       "NC__5             -0.062765 -0.080412 -0.050698 -0.046816  1.000000 -0.048021   \n",
       "NC__6             -0.113158 -0.144972 -0.091402 -0.084403 -0.048021  1.000000   \n",
       "NC__7             -0.185564 -0.237736 -0.149888 -0.138411 -0.078748 -0.141973   \n",
       "NC__8             -0.121657 -0.155861 -0.098267 -0.090743 -0.051628 -0.093078   \n",
       "NC__9             -0.110063 -0.141007 -0.088902 -0.082095 -0.046707 -0.084208   \n",
       "target            -0.112656  0.024789 -0.018754 -0.005252 -0.034845  0.045070   \n",
       "\n",
       "                      NC__7     NC__8     NC__9    target  \n",
       "NoEmp              0.011720 -0.022193  0.018972 -0.027403  \n",
       "CreateJob          0.039717 -0.017924  0.006420 -0.010002  \n",
       "LowDoc            -0.059609 -0.044247  0.038051 -0.079523  \n",
       "DisbursementGross  0.027489 -0.076479  0.014295 -0.120788  \n",
       "new_business       0.003898  0.005165 -0.007735  0.013878  \n",
       "urban_flag        -0.017922  0.000422  0.011932  0.053785  \n",
       "franchise_flag    -0.000791 -0.011204 -0.026685 -0.012731  \n",
       "NC__0             -0.111439 -0.073060 -0.066097  0.004749  \n",
       "NC__1             -0.185564 -0.121657 -0.110063 -0.112656  \n",
       "NC__2             -0.237736 -0.155861 -0.141007  0.024789  \n",
       "NC__3             -0.149888 -0.098267 -0.088902 -0.018754  \n",
       "NC__4             -0.138411 -0.090743 -0.082095 -0.005252  \n",
       "NC__5             -0.078748 -0.051628 -0.046707 -0.034845  \n",
       "NC__6             -0.141973 -0.093078 -0.084208  0.045070  \n",
       "NC__7              1.000000 -0.152636 -0.138090  0.044266  \n",
       "NC__8             -0.152636  1.000000 -0.090532  0.081190  \n",
       "NC__9             -0.138090 -0.090532  1.000000 -0.052013  \n",
       "target             0.044266  0.081190 -0.052013  1.000000  "
      ]
     },
     "execution_count": 15,
     "metadata": {},
     "output_type": "execute_result"
    }
   ],
   "source": [
    "train_df[predictor_features + ['target']].corr()"
   ]
  },
  {
   "cell_type": "code",
   "execution_count": 16,
   "id": "1f8c475d-7ead-4f92-a19b-326343528f59",
   "metadata": {},
   "outputs": [],
   "source": [
    "with open(Path(setup.temp_path).joinpath('64_DATA_features_predict.pkl'), 'wb') as fout:\n",
    "    pickle.dump(predictor_features, fout)"
   ]
  },
  {
   "cell_type": "markdown",
   "id": "2b204a92-d109-4f6d-87a5-3d5dc05d2e5f",
   "metadata": {},
   "source": [
    "## Model Fit"
   ]
  },
  {
   "cell_type": "code",
   "execution_count": 17,
   "id": "c07828e0-5f5e-433f-9d96-fe78e9d668ff",
   "metadata": {},
   "outputs": [
    {
     "data": {
      "text/plain": [
       "{'subsample': 0.8,\n",
       " 'scale_pos_weight': 1.0,\n",
       " 'reg_lambda': 0.01,\n",
       " 'reg_alpha': 0.001,\n",
       " 'min_child_weight': 50,\n",
       " 'max_depth': 8,\n",
       " 'learning_rate': 0.1,\n",
       " 'gamma': 2}"
      ]
     },
     "execution_count": 17,
     "metadata": {},
     "output_type": "execute_result"
    }
   ],
   "source": [
    "best_params_df = pd.read_csv(Path(setup.temp_path).joinpath('03_REPORT_fit_parameter_selected.csv'))\n",
    "best_params = best_params_df.to_dict(orient='records')[0]\n",
    "best_params"
   ]
  },
  {
   "cell_type": "markdown",
   "id": "09bb1219-1d1e-432e-a2ca-be94168cf7ba",
   "metadata": {},
   "source": [
    "##### Fit using pre-determined parameters"
   ]
  },
  {
   "cell_type": "code",
   "execution_count": 18,
   "id": "3eeec4bc-9ca2-4d11-87b8-a81a7fa93383",
   "metadata": {},
   "outputs": [],
   "source": [
    "xgb_params = dict(best_params, \n",
    "                   **{'objective':\"binary:logistic\", 'n_estimators':setup.xgb_n_estimators})"
   ]
  },
  {
   "cell_type": "code",
   "execution_count": 19,
   "id": "7cb431ab-94aa-4922-8107-e97f0e50314f",
   "metadata": {},
   "outputs": [],
   "source": [
    "xgb_model = xgb.XGBClassifier(objective=\"binary:logistic\",\n",
    "                             n_estimators = setup.xgb_n_estimators)"
   ]
  },
  {
   "cell_type": "code",
   "execution_count": 20,
   "id": "1e17a637-89fd-4ee7-8e4f-a219133d2d75",
   "metadata": {},
   "outputs": [],
   "source": [
    "xgb_model = xgb_model.set_params(**xgb_params)"
   ]
  },
  {
   "cell_type": "code",
   "execution_count": 21,
   "id": "c3d7133b-075a-48a2-b9c8-c004dab7be61",
   "metadata": {},
   "outputs": [
    {
     "name": "stdout",
     "output_type": "stream",
     "text": [
      "[0]\tvalidation_0-logloss:0.50212\tvalidation_1-logloss:0.50554\n",
      "[1]\tvalidation_0-logloss:0.49612\tvalidation_1-logloss:0.49962\n",
      "[2]\tvalidation_0-logloss:0.49094\tvalidation_1-logloss:0.49450\n",
      "[3]\tvalidation_0-logloss:0.48647\tvalidation_1-logloss:0.49012\n",
      "[4]\tvalidation_0-logloss:0.48274\tvalidation_1-logloss:0.48651\n",
      "[5]\tvalidation_0-logloss:0.47948\tvalidation_1-logloss:0.48332\n",
      "[6]\tvalidation_0-logloss:0.47674\tvalidation_1-logloss:0.48067\n",
      "[7]\tvalidation_0-logloss:0.47421\tvalidation_1-logloss:0.47821\n",
      "[8]\tvalidation_0-logloss:0.47207\tvalidation_1-logloss:0.47616\n",
      "[9]\tvalidation_0-logloss:0.47030\tvalidation_1-logloss:0.47448\n",
      "[10]\tvalidation_0-logloss:0.46873\tvalidation_1-logloss:0.47298\n",
      "[11]\tvalidation_0-logloss:0.46742\tvalidation_1-logloss:0.47173\n",
      "[12]\tvalidation_0-logloss:0.46630\tvalidation_1-logloss:0.47068\n",
      "[13]\tvalidation_0-logloss:0.46535\tvalidation_1-logloss:0.46982\n",
      "[14]\tvalidation_0-logloss:0.46442\tvalidation_1-logloss:0.46896\n",
      "[15]\tvalidation_0-logloss:0.46365\tvalidation_1-logloss:0.46826\n",
      "[16]\tvalidation_0-logloss:0.46291\tvalidation_1-logloss:0.46757\n",
      "[17]\tvalidation_0-logloss:0.46235\tvalidation_1-logloss:0.46707\n",
      "[18]\tvalidation_0-logloss:0.46182\tvalidation_1-logloss:0.46661\n",
      "[19]\tvalidation_0-logloss:0.46134\tvalidation_1-logloss:0.46618\n",
      "[20]\tvalidation_0-logloss:0.46098\tvalidation_1-logloss:0.46588\n",
      "[21]\tvalidation_0-logloss:0.46051\tvalidation_1-logloss:0.46549\n",
      "[22]\tvalidation_0-logloss:0.46021\tvalidation_1-logloss:0.46526\n",
      "[23]\tvalidation_0-logloss:0.45989\tvalidation_1-logloss:0.46497\n",
      "[24]\tvalidation_0-logloss:0.45964\tvalidation_1-logloss:0.46478\n",
      "[25]\tvalidation_0-logloss:0.45936\tvalidation_1-logloss:0.46454\n",
      "[26]\tvalidation_0-logloss:0.45905\tvalidation_1-logloss:0.46431\n",
      "[27]\tvalidation_0-logloss:0.45886\tvalidation_1-logloss:0.46416\n",
      "[28]\tvalidation_0-logloss:0.45869\tvalidation_1-logloss:0.46404\n",
      "[29]\tvalidation_0-logloss:0.45853\tvalidation_1-logloss:0.46394\n"
     ]
    },
    {
     "data": {
      "text/html": [
