{
 "cells": [
  {
   "cell_type": "code",
   "execution_count": 1,
   "id": "4c65f557-651f-4958-a567-a1b6b5a82b2b",
   "metadata": {
    "tags": []
   },
   "outputs": [],
   "source": [
    "# Modify the file 00_setup.py to define input/output file paths on your system\n",
    "# The information in 00_setup.py will be used across notebooks\n",
    "from importlib.machinery import SourceFileLoader\n",
    "setup = SourceFileLoader(\"setup\", \"./00_setup.py\").load_module()"
   ]
  },
  {
   "cell_type": "markdown",
   "id": "b01d0fdb-d4bf-465a-8541-997addc50b0c",
   "metadata": {},
   "source": [
    "# XGBoost with one-hot NAICS Clusters (DGI Label)\n",
    "XGBoost model, one hot encoded values from k means clustering"
   ]
  },
  {
   "cell_type": "markdown",
   "id": "56161f89-1f54-47f9-860d-3f945a941c1f",
   "metadata": {},
   "source": [
    "*This script takes about 5 minutes on my MacBook Air*"
   ]
  },
  {
   "cell_type": "code",
   "execution_count": 2,
   "id": "ec6b1778-7abc-4129-ab5f-ac2992bd8ca6",
   "metadata": {},
   "outputs": [],
   "source": [
    "import pandas as pd\n",
    "import numpy as np\n",
    "import xgboost as xgb\n",
    "import warnings\n",
    "import matplotlib.pyplot as plt\n",
    "import pickle"
   ]
  },
  {
   "cell_type": "code",
   "execution_count": 3,
   "id": "785af927-a634-4e34-84c4-7a532236f2ca",
   "metadata": {},
   "outputs": [],
   "source": [
    "from pathlib import Path"
   ]
  },
  {
   "cell_type": "code",
   "execution_count": 4,
   "id": "fd09527b-32dd-47fa-b62f-f9307f89f553",
   "metadata": {},
   "outputs": [],
   "source": [
    "import sklearn as sk\n",
    "from sklearn.model_selection import RandomizedSearchCV\n",
    "from sklearn.inspection import permutation_importance, partial_dependence\n",
    "from scikitplot.metrics import plot_lift_curve"
   ]
  },
  {
   "cell_type": "code",
   "execution_count": 5,
   "id": "0732ba40-8318-457b-b29f-f9b6de3b70aa",
   "metadata": {},
   "outputs": [],
   "source": [
    "from sba_gnn.sba_gnn import sg_plot "
   ]
  },
  {
   "cell_type": "markdown",
   "id": "d14a5947-6599-4253-acf3-91ddeffdedd3",
   "metadata": {},
   "source": [
    "## Import Processed Datasets"
   ]
  },
  {
   "cell_type": "markdown",
   "id": "b0e80daf-7e62-47ae-b9f4-e04468135f3e",
   "metadata": {},
   "source": [
    "##### Get loans data, append clusters"
   ]
  },
  {
   "cell_type": "code",
   "execution_count": 6,
   "id": "f6bc5cc5-b635-420f-852c-6cc9bba68a52",
   "metadata": {},
   "outputs": [],
   "source": [
    "sba_loans = pd.read_parquet(Path(setup.temp_path).joinpath('01_DATA_transformed.parquet'))"
   ]
  },
  {
   "cell_type": "code",
   "execution_count": 7,
   "id": "24785791-96b2-42a3-b6bb-307a60291c06",
   "metadata": {},
   "outputs": [
    {
     "data": {
      "text/plain": [
       "Index(['NAICS', 'NAICS_2', 'NAICS_sector', 'NAICS_sector_desc', 'NAICS_num',\n",
       "       'menc_NAICS', 'cenc_NAICS'],\n",
       "      dtype='object')"
      ]
     },
     "execution_count": 7,
     "metadata": {},
     "output_type": "execute_result"
    }
   ],
   "source": [
    "sba_loans.filter(like='NAICS').columns"
   ]
  },
  {
   "cell_type": "code",
   "execution_count": 8,
   "id": "5d9230bf-f527-42c9-832a-e353f32487ab",
   "metadata": {},
   "outputs": [],
   "source": [
    "embed_df = pd.read_parquet(Path(setup.temp_path).joinpath('70_DATA_embeddings_tsne_naics.parquet'))"
   ]
  },
  {
   "cell_type": "code",
   "execution_count": 9,
   "id": "f61f3bb8-2f9b-4d2d-a85d-c9c932521b47",
   "metadata": {},
   "outputs": [
    {
     "data": {
      "text/plain": [
       "10"
      ]
     },
     "execution_count": 9,
     "metadata": {},
     "output_type": "execute_result"
    }
   ],
   "source": [
    "clus_cols = [c for c in embed_df if c.startswith('NC__')]\n",
    "len(clus_cols)"
   ]
  },
  {
   "cell_type": "code",
   "execution_count": 10,
   "id": "3533831b-fe3e-46e7-bc21-b0d6f4fb689d",
   "metadata": {},
   "outputs": [],
   "source": [
    "sba_loans = sba_loans.drop(columns = clus_cols, errors='ignore') \\\n",
    "    .merge(embed_df[clus_cols + ['NAICS_orig']].rename(columns={'NAICS_orig':'NAICS'}),\n",
    "           on='NAICS', how='left')"
   ]
  },
  {
   "cell_type": "code",
   "execution_count": 11,
   "id": "042aae2d-f88d-4060-994f-629349a5bff1",
   "metadata": {},
   "outputs": [
    {
     "data": {
      "text/html": [
       "<div>\n",
       "<style scoped>\n",
       "    .dataframe tbody tr th:only-of-type {\n",
       "        vertical-align: middle;\n",
       "    }\n",
       "\n",
       "    .dataframe tbody tr th {\n",
       "        vertical-align: top;\n",
       "    }\n",
       "\n",
       "    .dataframe thead th {\n",
       "        text-align: right;\n",
       "    }\n",
       "</style>\n",
       "<table border=\"1\" class=\"dataframe\">\n",
       "  <thead>\n",
       "    <tr style=\"text-align: right;\">\n",
       "      <th></th>\n",
       "      <th>NC__0</th>\n",
       "      <th>NC__1</th>\n",
       "      <th>NC__2</th>\n",
       "      <th>NC__3</th>\n",
       "      <th>NC__4</th>\n",
       "      <th>NC__5</th>\n",
       "      <th>NC__6</th>\n",
       "      <th>NC__7</th>\n",
       "      <th>NC__8</th>\n",
       "      <th>NC__9</th>\n",
       "    </tr>\n",
       "  </thead>\n",
       "  <tbody>\n",
       "    <tr>\n",
       "      <th>count</th>\n",
       "      <td>688081.000000</td>\n",
       "      <td>688081.000000</td>\n",
       "      <td>688081.000000</td>\n",
       "      <td>688081.000000</td>\n",
       "      <td>688081.000000</td>\n",
       "      <td>688081.000000</td>\n",
       "      <td>688081.000000</td>\n",
       "      <td>688081.000000</td>\n",
       "      <td>688081.000000</td>\n",
       "      <td>688081.000000</td>\n",
       "    </tr>\n",
       "    <tr>\n",
       "      <th>mean</th>\n",
       "      <td>0.092204</td>\n",
       "      <td>0.209945</td>\n",
       "      <td>0.106208</td>\n",
       "      <td>0.064456</td>\n",
       "      <td>0.203640</td>\n",
       "      <td>0.081368</td>\n",
       "      <td>0.019261</td>\n",
       "      <td>0.074751</td>\n",
       "      <td>0.096948</td>\n",
       "      <td>0.051218</td>\n",
       "    </tr>\n",
       "    <tr>\n",
       "      <th>std</th>\n",
       "      <td>0.289314</td>\n",
       "      <td>0.407269</td>\n",
       "      <td>0.308104</td>\n",
       "      <td>0.245564</td>\n",
       "      <td>0.402705</td>\n",
       "      <td>0.273400</td>\n",
       "      <td>0.137440</td>\n",
       "      <td>0.262990</td>\n",
       "      <td>0.295887</td>\n",
       "      <td>0.220442</td>\n",
       "    </tr>\n",
       "    <tr>\n",
       "      <th>min</th>\n",
       "      <td>0.000000</td>\n",
       "      <td>0.000000</td>\n",
       "      <td>0.000000</td>\n",
       "      <td>0.000000</td>\n",
       "      <td>0.000000</td>\n",
       "      <td>0.000000</td>\n",
       "      <td>0.000000</td>\n",
       "      <td>0.000000</td>\n",
       "      <td>0.000000</td>\n",
       "      <td>0.000000</td>\n",
       "    </tr>\n",
       "    <tr>\n",
       "      <th>25%</th>\n",
       "      <td>0.000000</td>\n",
       "      <td>0.000000</td>\n",
       "      <td>0.000000</td>\n",
       "      <td>0.000000</td>\n",
       "      <td>0.000000</td>\n",
       "      <td>0.000000</td>\n",
       "      <td>0.000000</td>\n",
       "      <td>0.000000</td>\n",
       "      <td>0.000000</td>\n",
       "      <td>0.000000</td>\n",
       "    </tr>\n",
       "    <tr>\n",
       "      <th>50%</th>\n",
       "      <td>0.000000</td>\n",
       "      <td>0.000000</td>\n",
       "      <td>0.000000</td>\n",
       "      <td>0.000000</td>\n",
       "      <td>0.000000</td>\n",
       "      <td>0.000000</td>\n",
       "      <td>0.000000</td>\n",
       "      <td>0.000000</td>\n",
       "      <td>0.000000</td>\n",
       "      <td>0.000000</td>\n",
       "    </tr>\n",
       "    <tr>\n",
       "      <th>75%</th>\n",
       "      <td>0.000000</td>\n",
       "      <td>0.000000</td>\n",
       "      <td>0.000000</td>\n",
       "      <td>0.000000</td>\n",
       "      <td>0.000000</td>\n",
       "      <td>0.000000</td>\n",
       "      <td>0.000000</td>\n",
       "      <td>0.000000</td>\n",
       "      <td>0.000000</td>\n",
       "      <td>0.000000</td>\n",
       "    </tr>\n",
       "    <tr>\n",
       "      <th>max</th>\n",
       "      <td>1.000000</td>\n",
       "      <td>1.000000</td>\n",
       "      <td>1.000000</td>\n",
       "      <td>1.000000</td>\n",
       "      <td>1.000000</td>\n",
       "      <td>1.000000</td>\n",
       "      <td>1.000000</td>\n",
       "      <td>1.000000</td>\n",
       "      <td>1.000000</td>\n",
       "      <td>1.000000</td>\n",
       "    </tr>\n",
       "  </tbody>\n",
       "</table>\n",
       "</div>"
      ],
      "text/plain": [
       "               NC__0          NC__1          NC__2          NC__3  \\\n",
       "count  688081.000000  688081.000000  688081.000000  688081.000000   \n",
       "mean        0.092204       0.209945       0.106208       0.064456   \n",
       "std         0.289314       0.407269       0.308104       0.245564   \n",
       "min         0.000000       0.000000       0.000000       0.000000   \n",
       "25%         0.000000       0.000000       0.000000       0.000000   \n",
       "50%         0.000000       0.000000       0.000000       0.000000   \n",
       "75%         0.000000       0.000000       0.000000       0.000000   \n",
       "max         1.000000       1.000000       1.000000       1.000000   \n",
       "\n",
       "               NC__4          NC__5          NC__6          NC__7  \\\n",
       "count  688081.000000  688081.000000  688081.000000  688081.000000   \n",
       "mean        0.203640       0.081368       0.019261       0.074751   \n",
       "std         0.402705       0.273400       0.137440       0.262990   \n",
       "min         0.000000       0.000000       0.000000       0.000000   \n",
       "25%         0.000000       0.000000       0.000000       0.000000   \n",
       "50%         0.000000       0.000000       0.000000       0.000000   \n",
       "75%         0.000000       0.000000       0.000000       0.000000   \n",
       "max         1.000000       1.000000       1.000000       1.000000   \n",
       "\n",
       "               NC__8          NC__9  \n",
       "count  688081.000000  688081.000000  \n",
       "mean        0.096948       0.051218  \n",
       "std         0.295887       0.220442  \n",
       "min         0.000000       0.000000  \n",
       "25%         0.000000       0.000000  \n",
       "50%         0.000000       0.000000  \n",
       "75%         0.000000       0.000000  \n",
       "max         1.000000       1.000000  "
      ]
     },
     "execution_count": 11,
     "metadata": {},
     "output_type": "execute_result"
    }
   ],
   "source": [
    "sba_loans[clus_cols].describe()"
   ]
  },
  {
   "cell_type": "code",
   "execution_count": 12,
   "id": "a5f6c362-c1ab-48d8-812b-2b970b06586b",
   "metadata": {},
   "outputs": [],
   "source": [
    "train_df = sba_loans[sba_loans['dset'] == 'train'].copy()\n",
    "test_df = sba_loans[sba_loans['dset'] == 'test']\n",
    "val_df = sba_loans[sba_loans['dset'] == 'val']"
   ]
  },
  {
   "cell_type": "code",
   "execution_count": 13,
   "id": "7b1db53b-181c-450d-9f7e-be350bc3111f",
   "metadata": {},
   "outputs": [
    {
     "data": {
      "text/plain": [
       "(436120, 65)"
      ]
     },
     "execution_count": 13,
     "metadata": {},
     "output_type": "execute_result"
    }
   ],
   "source": [
    "train_df.shape"
   ]
  },
  {
   "cell_type": "markdown",
   "id": "f2160b50-1e22-44f0-915b-0241ebcd45d4",
   "metadata": {},
   "source": [
    "#### Set the predictor features.  Include one-hot NAICS"
   ]
  },
  {
   "cell_type": "code",
   "execution_count": 14,
   "id": "c07ddd4e-6987-454a-926a-3b59abf6caa6",
   "metadata": {},
   "outputs": [
    {
     "name": "stdout",
     "output_type": "stream",
     "text": [
      "['NoEmp', 'CreateJob', 'LowDoc', 'DisbursementGross', 'new_business', 'urban_flag', 'franchise_flag', 'NC__0', 'NC__1', 'NC__2', 'NC__3', 'NC__4', 'NC__5', 'NC__6', 'NC__7', 'NC__8', 'NC__9']\n"
     ]
    }
   ],
   "source": [
    "predictor_features = setup.predictor_features + clus_cols\n",
    "print(predictor_features)"
   ]
  },
  {
   "cell_type": "code",
   "execution_count": 15,
   "id": "2a4f4a9e-f7e5-4143-b1e4-b5fbb5f7280d",
   "metadata": {},
   "outputs": [
    {
     "data": {
      "text/html": [
       "<div>\n",
       "<style scoped>\n",
       "    .dataframe tbody tr th:only-of-type {\n",
       "        vertical-align: middle;\n",
       "    }\n",
       "\n",
       "    .dataframe tbody tr th {\n",
       "        vertical-align: top;\n",
       "    }\n",
       "\n",
       "    .dataframe thead th {\n",
       "        text-align: right;\n",
       "    }\n",
       "</style>\n",
       "<table border=\"1\" class=\"dataframe\">\n",
       "  <thead>\n",
       "    <tr style=\"text-align: right;\">\n",
       "      <th></th>\n",
       "      <th>NoEmp</th>\n",
       "      <th>CreateJob</th>\n",
       "      <th>LowDoc</th>\n",
       "      <th>DisbursementGross</th>\n",
       "      <th>new_business</th>\n",
       "      <th>urban_flag</th>\n",
       "      <th>franchise_flag</th>\n",
       "      <th>NC__0</th>\n",
       "      <th>NC__1</th>\n",
       "      <th>NC__2</th>\n",
       "      <th>NC__3</th>\n",
       "      <th>NC__4</th>\n",
       "      <th>NC__5</th>\n",
       "      <th>NC__6</th>\n",
       "      <th>NC__7</th>\n",
       "      <th>NC__8</th>\n",
       "      <th>NC__9</th>\n",
       "      <th>target</th>\n",
       "    </tr>\n",
       "  </thead>\n",
       "  <tbody>\n",
       "    <tr>\n",
       "      <th>NoEmp</th>\n",
       "      <td>1.000000</td>\n",
       "      <td>0.062158</td>\n",
       "      <td>-0.013926</td>\n",
       "      <td>0.095658</td>\n",
       "      <td>-0.041427</td>\n",
       "      <td>0.001610</td>\n",
       "      <td>0.006409</td>\n",
       "      <td>0.025479</td>\n",
       "      <td>0.023862</td>\n",
       "      <td>-0.009680</td>\n",
       "      <td>-0.002758</td>\n",
       "      <td>-0.030946</td>\n",
       "      <td>-0.001089</td>\n",
       "      <td>-0.008447</td>\n",
       "      <td>0.005769</td>\n",
       "      <td>0.008647</td>\n",
       "      <td>-0.016860</td>\n",
       "      <td>-0.027403</td>\n",
       "    </tr>\n",
       "    <tr>\n",
       "      <th>CreateJob</th>\n",
       "      <td>0.062158</td>\n",
       "      <td>1.000000</td>\n",
       "      <td>-0.062740</td>\n",
       "      <td>0.134686</td>\n",
       "      <td>0.039302</td>\n",
       "      <td>0.009062</td>\n",
       "      <td>0.050517</td>\n",
       "      <td>0.062246</td>\n",
       "      <td>-0.010690</td>\n",
       "      <td>-0.003005</td>\n",
       "      <td>0.003270</td>\n",
       "      <td>-0.025301</td>\n",
       "      <td>-0.013564</td>\n",
       "      <td>-0.016220</td>\n",
       "      <td>-0.009872</td>\n",
       "      <td>0.035795</td>\n",
       "      <td>-0.028751</td>\n",
       "      <td>-0.010002</td>\n",
       "    </tr>\n",
       "    <tr>\n",
       "      <th>LowDoc</th>\n",
       "      <td>-0.013926</td>\n",
       "      <td>-0.062740</td>\n",
       "      <td>1.000000</td>\n",
       "      <td>-0.133141</td>\n",
       "      <td>0.153034</td>\n",
       "      <td>-0.120001</td>\n",
       "      <td>0.040841</td>\n",
       "      <td>-0.025616</td>\n",
       "      <td>0.075187</td>\n",
       "      <td>-0.045471</td>\n",
       "      <td>-0.048888</td>\n",
       "      <td>-0.063928</td>\n",
       "      <td>0.025281</td>\n",
       "      <td>0.023207</td>\n",
       "      <td>0.026131</td>\n",
       "      <td>-0.031881</td>\n",
       "      <td>0.098629</td>\n",
       "      <td>-0.079523</td>\n",
       "    </tr>\n",
       "    <tr>\n",
       "      <th>DisbursementGross</th>\n",
       "      <td>0.095658</td>\n",
       "      <td>0.134686</td>\n",
       "      <td>-0.133141</td>\n",
       "      <td>1.000000</td>\n",
       "      <td>-0.065443</td>\n",
       "      <td>-0.007016</td>\n",
       "      <td>0.085712</td>\n",
       "      <td>0.168745</td>\n",
       "      <td>0.082991</td>\n",
       "      <td>-0.043322</td>\n",
       "      <td>0.000937</td>\n",
       "      <td>-0.153383</td>\n",
       "      <td>-0.009432</td>\n",
       "      <td>0.000004</td>\n",
       "      <td>-0.004506</td>\n",
       "      <td>0.033699</td>\n",
       "      <td>-0.065631</td>\n",
       "      <td>-0.120788</td>\n",
       "    </tr>\n",
       "    <tr>\n",
       "      <th>new_business</th>\n",
       "      <td>-0.041427</td>\n",
       "      <td>0.039302</td>\n",
       "      <td>0.153034</td>\n",
       "      <td>-0.065443</td>\n",
       "      <td>1.000000</td>\n",
       "      <td>-0.047592</td>\n",
       "      <td>0.137325</td>\n",
       "      <td>0.018862</td>\n",
       "      <td>-0.039241</td>\n",
       "      <td>-0.003453</td>\n",
       "      <td>-0.015562</td>\n",
       "      <td>0.000489</td>\n",
       "      <td>-0.004373</td>\n",
       "      <td>0.024232</td>\n",
       "      <td>-0.025860</td>\n",
       "      <td>0.027801</td>\n",
       "      <td>0.051234</td>\n",
       "      <td>0.013878</td>\n",
       "    </tr>\n",
       "    <tr>\n",
       "      <th>urban_flag</th>\n",
       "      <td>0.001610</td>\n",
       "      <td>0.009062</td>\n",
       "      <td>-0.120001</td>\n",
       "      <td>-0.007016</td>\n",
       "      <td>-0.047592</td>\n",
       "      <td>1.000000</td>\n",
       "      <td>-0.006588</td>\n",
       "      <td>-0.039184</td>\n",
       "      <td>-0.017330</td>\n",
       "      <td>0.006424</td>\n",
       "      <td>0.003897</td>\n",
       "      <td>0.033506</td>\n",
       "      <td>0.021874</td>\n",
       "      <td>-0.062527</td>\n",
       "      <td>0.012482</td>\n",
       "      <td>-0.007103</td>\n",
       "      <td>0.003005</td>\n",
       "      <td>0.053785</td>\n",
       "    </tr>\n",
       "    <tr>\n",
       "      <th>franchise_flag</th>\n",
       "      <td>0.006409</td>\n",
       "      <td>0.050517</td>\n",
       "      <td>0.040841</td>\n",
       "      <td>0.085712</td>\n",
       "      <td>0.137325</td>\n",
       "      <td>-0.006588</td>\n",
       "      <td>1.000000</td>\n",
       "      <td>0.083091</td>\n",
       "      <td>-0.043945</td>\n",
       "      <td>-0.009953</td>\n",
       "      <td>-0.046530</td>\n",
       "      <td>-0.032679</td>\n",
       "      <td>-0.022046</td>\n",
       "      <td>-0.018551</td>\n",
       "      <td>-0.027687</td>\n",
       "      <td>0.137447</td>\n",
       "      <td>-0.021775</td>\n",
       "      <td>-0.012731</td>\n",
       "    </tr>\n",
       "    <tr>\n",
       "      <th>NC__0</th>\n",
       "      <td>0.025479</td>\n",
       "      <td>0.062246</td>\n",
       "      <td>-0.025616</td>\n",
       "      <td>0.168745</td>\n",
       "      <td>0.018862</td>\n",
       "      <td>-0.039184</td>\n",
       "      <td>0.083091</td>\n",
       "      <td>1.000000</td>\n",
       "      <td>-0.171847</td>\n",
       "      <td>-0.115914</td>\n",
       "      <td>-0.087443</td>\n",
       "      <td>-0.171230</td>\n",
       "      <td>-0.091653</td>\n",
       "      <td>-0.037873</td>\n",
       "      <td>-0.091607</td>\n",
       "      <td>-0.109120</td>\n",
       "      <td>-0.081442</td>\n",
       "      <td>-0.014646</td>\n",
       "    </tr>\n",
       "    <tr>\n",
       "      <th>NC__1</th>\n",
       "      <td>0.023862</td>\n",
       "      <td>-0.010690</td>\n",
       "      <td>0.075187</td>\n",
       "      <td>0.082991</td>\n",
       "      <td>-0.039241</td>\n",
       "      <td>-0.017330</td>\n",
       "      <td>-0.043945</td>\n",
       "      <td>-0.171847</td>\n",
       "      <td>1.000000</td>\n",
       "      <td>-0.179958</td>\n",
       "      <td>-0.135757</td>\n",
       "      <td>-0.265838</td>\n",
       "      <td>-0.142294</td>\n",
       "      <td>-0.058798</td>\n",
       "      <td>-0.142221</td>\n",
       "      <td>-0.169411</td>\n",
       "      <td>-0.126440</td>\n",
       "      <td>-0.123365</td>\n",
       "    </tr>\n",
       "    <tr>\n",
       "      <th>NC__2</th>\n",
       "      <td>-0.009680</td>\n",
       "      <td>-0.003005</td>\n",
       "      <td>-0.045471</td>\n",
       "      <td>-0.043322</td>\n",
       "      <td>-0.003453</td>\n",
       "      <td>0.006424</td>\n",
       "      <td>-0.009953</td>\n",
       "      <td>-0.115914</td>\n",
       "      <td>-0.179958</td>\n",
       "      <td>1.000000</td>\n",
       "      <td>-0.091570</td>\n",
       "      <td>-0.179312</td>\n",
       "      <td>-0.095979</td>\n",
       "      <td>-0.039660</td>\n",
       "      <td>-0.095931</td>\n",
       "      <td>-0.114270</td>\n",
       "      <td>-0.085286</td>\n",
       "      <td>0.049658</td>\n",
       "    </tr>\n",
       "    <tr>\n",
       "      <th>NC__3</th>\n",
       "      <td>-0.002758</td>\n",
       "      <td>0.003270</td>\n",
       "      <td>-0.048888</td>\n",
       "      <td>0.000937</td>\n",
       "      <td>-0.015562</td>\n",
       "      <td>0.003897</td>\n",
       "      <td>-0.046530</td>\n",
       "      <td>-0.087443</td>\n",
       "      <td>-0.135757</td>\n",
       "      <td>-0.091570</td>\n",
       "      <td>1.000000</td>\n",
       "      <td>-0.135269</td>\n",
       "      <td>-0.072405</td>\n",
       "      <td>-0.029919</td>\n",
       "      <td>-0.072368</td>\n",
       "      <td>-0.086203</td>\n",
       "      <td>-0.064338</td>\n",
       "      <td>0.018097</td>\n",
       "    </tr>\n",
       "    <tr>\n",
       "      <th>NC__4</th>\n",
       "      <td>-0.030946</td>\n",
       "      <td>-0.025301</td>\n",
       "      <td>-0.063928</td>\n",
       "      <td>-0.153383</td>\n",
       "      <td>0.000489</td>\n",
       "      <td>0.033506</td>\n",
       "      <td>-0.032679</td>\n",
       "      <td>-0.171230</td>\n",
       "      <td>-0.265838</td>\n",
       "      <td>-0.179312</td>\n",
       "      <td>-0.135269</td>\n",
       "      <td>1.000000</td>\n",
       "      <td>-0.141782</td>\n",
       "      <td>-0.058586</td>\n",
       "      <td>-0.141710</td>\n",
       "      <td>-0.168802</td>\n",
       "      <td>-0.125986</td>\n",
       "      <td>0.129958</td>\n",
       "    </tr>\n",
       "    <tr>\n",
       "      <th>NC__5</th>\n",
       "      <td>-0.001089</td>\n",
       "      <td>-0.013564</td>\n",
       "      <td>0.025281</td>\n",
       "      <td>-0.009432</td>\n",
       "      <td>-0.004373</td>\n",
       "      <td>0.021874</td>\n",
       "      <td>-0.022046</td>\n",
       "      <td>-0.091653</td>\n",
       "      <td>-0.142294</td>\n",
       "      <td>-0.095979</td>\n",
       "      <td>-0.072405</td>\n",
       "      <td>-0.141782</td>\n",
       "      <td>1.000000</td>\n",
       "      <td>-0.031359</td>\n",
       "      <td>-0.075853</td>\n",
       "      <td>-0.090354</td>\n",
       "      <td>-0.067436</td>\n",
       "      <td>-0.026586</td>\n",
       "    </tr>\n",
       "    <tr>\n",
       "      <th>NC__6</th>\n",
       "      <td>-0.008447</td>\n",
       "      <td>-0.016220</td>\n",
       "      <td>0.023207</td>\n",
       "      <td>0.000004</td>\n",
       "      <td>0.024232</td>\n",
       "      <td>-0.062527</td>\n",
       "      <td>-0.018551</td>\n",
       "      <td>-0.037873</td>\n",
       "      <td>-0.058798</td>\n",
       "      <td>-0.039660</td>\n",
       "      <td>-0.029919</td>\n",
       "      <td>-0.058586</td>\n",
       "      <td>-0.031359</td>\n",
       "      <td>1.000000</td>\n",
       "      <td>-0.031343</td>\n",
       "      <td>-0.037335</td>\n",
       "      <td>-0.027865</td>\n",
       "      <td>-0.014604</td>\n",
       "    </tr>\n",
       "    <tr>\n",
       "      <th>NC__7</th>\n",
       "      <td>0.005769</td>\n",
       "      <td>-0.009872</td>\n",
       "      <td>0.026131</td>\n",
       "      <td>-0.004506</td>\n",
       "      <td>-0.025860</td>\n",
       "      <td>0.012482</td>\n",
       "      <td>-0.027687</td>\n",
       "      <td>-0.091607</td>\n",
       "      <td>-0.142221</td>\n",
       "      <td>-0.095931</td>\n",
       "      <td>-0.072368</td>\n",
       "      <td>-0.141710</td>\n",
       "      <td>-0.075853</td>\n",
       "      <td>-0.031343</td>\n",
       "      <td>1.000000</td>\n",
       "      <td>-0.090308</td>\n",
       "      <td>-0.067402</td>\n",
       "      <td>-0.047362</td>\n",
       "    </tr>\n",
       "    <tr>\n",
       "      <th>NC__8</th>\n",
       "      <td>0.008647</td>\n",
       "      <td>0.035795</td>\n",
       "      <td>-0.031881</td>\n",
       "      <td>0.033699</td>\n",
       "      <td>0.027801</td>\n",
       "      <td>-0.007103</td>\n",
       "      <td>0.137447</td>\n",
       "      <td>-0.109120</td>\n",
       "      <td>-0.169411</td>\n",
       "      <td>-0.114270</td>\n",
       "      <td>-0.086203</td>\n",
       "      <td>-0.168802</td>\n",
       "      <td>-0.090354</td>\n",
       "      <td>-0.037335</td>\n",
       "      <td>-0.090308</td>\n",
       "      <td>1.000000</td>\n",
       "      <td>-0.080287</td>\n",
       "      <td>0.015704</td>\n",
       "    </tr>\n",
       "    <tr>\n",
       "      <th>NC__9</th>\n",
       "      <td>-0.016860</td>\n",
       "      <td>-0.028751</td>\n",
       "      <td>0.098629</td>\n",
       "      <td>-0.065631</td>\n",
       "      <td>0.051234</td>\n",
       "      <td>0.003005</td>\n",
       "      <td>-0.021775</td>\n",
       "      <td>-0.081442</td>\n",
       "      <td>-0.126440</td>\n",
       "      <td>-0.085286</td>\n",
       "      <td>-0.064338</td>\n",
       "      <td>-0.125986</td>\n",
       "      <td>-0.067436</td>\n",
       "      <td>-0.027865</td>\n",
       "      <td>-0.067402</td>\n",
       "      <td>-0.080287</td>\n",
       "      <td>1.000000</td>\n",
       "      <td>-0.009301</td>\n",
       "    </tr>\n",
       "    <tr>\n",
       "      <th>target</th>\n",
       "      <td>-0.027403</td>\n",
       "      <td>-0.010002</td>\n",
       "      <td>-0.079523</td>\n",
       "      <td>-0.120788</td>\n",
       "      <td>0.013878</td>\n",
       "      <td>0.053785</td>\n",
       "      <td>-0.012731</td>\n",
       "      <td>-0.014646</td>\n",
       "      <td>-0.123365</td>\n",
       "      <td>0.049658</td>\n",
       "      <td>0.018097</td>\n",
       "      <td>0.129958</td>\n",
       "      <td>-0.026586</td>\n",
       "      <td>-0.014604</td>\n",
       "      <td>-0.047362</td>\n",
       "      <td>0.015704</td>\n",
       "      <td>-0.009301</td>\n",
       "      <td>1.000000</td>\n",
       "    </tr>\n",
       "  </tbody>\n",
       "</table>\n",
       "</div>"
      ],
      "text/plain": [
       "                      NoEmp  CreateJob    LowDoc  DisbursementGross  \\\n",
       "NoEmp              1.000000   0.062158 -0.013926           0.095658   \n",
       "CreateJob          0.062158   1.000000 -0.062740           0.134686   \n",
       "LowDoc            -0.013926  -0.062740  1.000000          -0.133141   \n",
       "DisbursementGross  0.095658   0.134686 -0.133141           1.000000   \n",
       "new_business      -0.041427   0.039302  0.153034          -0.065443   \n",
       "urban_flag         0.001610   0.009062 -0.120001          -0.007016   \n",
       "franchise_flag     0.006409   0.050517  0.040841           0.085712   \n",
       "NC__0              0.025479   0.062246 -0.025616           0.168745   \n",
       "NC__1              0.023862  -0.010690  0.075187           0.082991   \n",
       "NC__2             -0.009680  -0.003005 -0.045471          -0.043322   \n",
       "NC__3             -0.002758   0.003270 -0.048888           0.000937   \n",
       "NC__4             -0.030946  -0.025301 -0.063928          -0.153383   \n",
       "NC__5             -0.001089  -0.013564  0.025281          -0.009432   \n",
       "NC__6             -0.008447  -0.016220  0.023207           0.000004   \n",
       "NC__7              0.005769  -0.009872  0.026131          -0.004506   \n",
       "NC__8              0.008647   0.035795 -0.031881           0.033699   \n",
       "NC__9             -0.016860  -0.028751  0.098629          -0.065631   \n",
       "target            -0.027403  -0.010002 -0.079523          -0.120788   \n",
       "\n",
       "                   new_business  urban_flag  franchise_flag     NC__0  \\\n",
       "NoEmp                 -0.041427    0.001610        0.006409  0.025479   \n",
       "CreateJob              0.039302    0.009062        0.050517  0.062246   \n",
       "LowDoc                 0.153034   -0.120001        0.040841 -0.025616   \n",
       "DisbursementGross     -0.065443   -0.007016        0.085712  0.168745   \n",
       "new_business           1.000000   -0.047592        0.137325  0.018862   \n",
       "urban_flag            -0.047592    1.000000       -0.006588 -0.039184   \n",
       "franchise_flag         0.137325   -0.006588        1.000000  0.083091   \n",
       "NC__0                  0.018862   -0.039184        0.083091  1.000000   \n",
       "NC__1                 -0.039241   -0.017330       -0.043945 -0.171847   \n",
       "NC__2                 -0.003453    0.006424       -0.009953 -0.115914   \n",
       "NC__3                 -0.015562    0.003897       -0.046530 -0.087443   \n",
       "NC__4                  0.000489    0.033506       -0.032679 -0.171230   \n",
       "NC__5                 -0.004373    0.021874       -0.022046 -0.091653   \n",
       "NC__6                  0.024232   -0.062527       -0.018551 -0.037873   \n",
       "NC__7                 -0.025860    0.012482       -0.027687 -0.091607   \n",
       "NC__8                  0.027801   -0.007103        0.137447 -0.109120   \n",
       "NC__9                  0.051234    0.003005       -0.021775 -0.081442   \n",
       "target                 0.013878    0.053785       -0.012731 -0.014646   \n",
       "\n",
       "                      NC__1     NC__2     NC__3     NC__4     NC__5     NC__6  \\\n",
       "NoEmp              0.023862 -0.009680 -0.002758 -0.030946 -0.001089 -0.008447   \n",
       "CreateJob         -0.010690 -0.003005  0.003270 -0.025301 -0.013564 -0.016220   \n",
       "LowDoc             0.075187 -0.045471 -0.048888 -0.063928  0.025281  0.023207   \n",
       "DisbursementGross  0.082991 -0.043322  0.000937 -0.153383 -0.009432  0.000004   \n",
       "new_business      -0.039241 -0.003453 -0.015562  0.000489 -0.004373  0.024232   \n",
       "urban_flag        -0.017330  0.006424  0.003897  0.033506  0.021874 -0.062527   \n",
       "franchise_flag    -0.043945 -0.009953 -0.046530 -0.032679 -0.022046 -0.018551   \n",
       "NC__0             -0.171847 -0.115914 -0.087443 -0.171230 -0.091653 -0.037873   \n",
       "NC__1              1.000000 -0.179958 -0.135757 -0.265838 -0.142294 -0.058798   \n",
       "NC__2             -0.179958  1.000000 -0.091570 -0.179312 -0.095979 -0.039660   \n",
       "NC__3             -0.135757 -0.091570  1.000000 -0.135269 -0.072405 -0.029919   \n",
       "NC__4             -0.265838 -0.179312 -0.135269  1.000000 -0.141782 -0.058586   \n",
       "NC__5             -0.142294 -0.095979 -0.072405 -0.141782  1.000000 -0.031359   \n",
       "NC__6             -0.058798 -0.039660 -0.029919 -0.058586 -0.031359  1.000000   \n",
       "NC__7             -0.142221 -0.095931 -0.072368 -0.141710 -0.075853 -0.031343   \n",
       "NC__8             -0.169411 -0.114270 -0.086203 -0.168802 -0.090354 -0.037335   \n",
       "NC__9             -0.126440 -0.085286 -0.064338 -0.125986 -0.067436 -0.027865   \n",
       "target            -0.123365  0.049658  0.018097  0.129958 -0.026586 -0.014604   \n",
       "\n",
       "                      NC__7     NC__8     NC__9    target  \n",
       "NoEmp              0.005769  0.008647 -0.016860 -0.027403  \n",
       "CreateJob         -0.009872  0.035795 -0.028751 -0.010002  \n",
       "LowDoc             0.026131 -0.031881  0.098629 -0.079523  \n",
       "DisbursementGross -0.004506  0.033699 -0.065631 -0.120788  \n",
       "new_business      -0.025860  0.027801  0.051234  0.013878  \n",
       "urban_flag         0.012482 -0.007103  0.003005  0.053785  \n",
       "franchise_flag    -0.027687  0.137447 -0.021775 -0.012731  \n",
       "NC__0             -0.091607 -0.109120 -0.081442 -0.014646  \n",
       "NC__1             -0.142221 -0.169411 -0.126440 -0.123365  \n",
       "NC__2             -0.095931 -0.114270 -0.085286  0.049658  \n",
       "NC__3             -0.072368 -0.086203 -0.064338  0.018097  \n",
       "NC__4             -0.141710 -0.168802 -0.125986  0.129958  \n",
       "NC__5             -0.075853 -0.090354 -0.067436 -0.026586  \n",
       "NC__6             -0.031343 -0.037335 -0.027865 -0.014604  \n",
       "NC__7              1.000000 -0.090308 -0.067402 -0.047362  \n",
       "NC__8             -0.090308  1.000000 -0.080287  0.015704  \n",
       "NC__9             -0.067402 -0.080287  1.000000 -0.009301  \n",
       "target            -0.047362  0.015704 -0.009301  1.000000  "
      ]
     },
     "execution_count": 15,
     "metadata": {},
     "output_type": "execute_result"
    }
   ],
   "source": [
    "train_df[predictor_features + ['target']].corr()"
   ]
  },
  {
   "cell_type": "code",
   "execution_count": 16,
   "id": "1f8c475d-7ead-4f92-a19b-326343528f59",
   "metadata": {},
   "outputs": [],
   "source": [
    "with open(Path(setup.temp_path).joinpath('71_DATA_features_predict.pkl'), 'wb') as fout:\n",
    "    pickle.dump(predictor_features, fout)"
   ]
  },
  {
   "cell_type": "markdown",
   "id": "2b204a92-d109-4f6d-87a5-3d5dc05d2e5f",
   "metadata": {},
   "source": [
    "## Model Fit"
   ]
  },
  {
   "cell_type": "code",
   "execution_count": 17,
   "id": "c07828e0-5f5e-433f-9d96-fe78e9d668ff",
   "metadata": {},
   "outputs": [
    {
     "data": {
      "text/plain": [
       "{'subsample': 0.8,\n",
       " 'scale_pos_weight': 1.0,\n",
       " 'reg_lambda': 0.01,\n",
       " 'reg_alpha': 0.001,\n",
       " 'min_child_weight': 50,\n",
       " 'max_depth': 8,\n",
       " 'learning_rate': 0.1,\n",
       " 'gamma': 2}"
      ]
     },
     "execution_count": 17,
     "metadata": {},
     "output_type": "execute_result"
    }
   ],
   "source": [
    "best_params_df = pd.read_csv(Path(setup.temp_path).joinpath('03_REPORT_fit_parameter_selected.csv'))\n",
    "best_params = best_params_df.to_dict(orient='records')[0]\n",
    "best_params"
   ]
  },
  {
   "cell_type": "markdown",
   "id": "09bb1219-1d1e-432e-a2ca-be94168cf7ba",
   "metadata": {},
   "source": [
    "##### Fit using pre-determined parameters"
   ]
  },
  {
   "cell_type": "code",
   "execution_count": 18,
   "id": "3eeec4bc-9ca2-4d11-87b8-a81a7fa93383",
   "metadata": {},
   "outputs": [],
   "source": [
    "xgb_params = dict(best_params, \n",
    "                   **{'objective':\"binary:logistic\", 'n_estimators':setup.xgb_n_estimators})"
   ]
  },
  {
   "cell_type": "code",
   "execution_count": 19,
   "id": "7cb431ab-94aa-4922-8107-e97f0e50314f",
   "metadata": {},
   "outputs": [],
   "source": [
    "xgb_model = xgb.XGBClassifier(objective=\"binary:logistic\",\n",
    "                             n_estimators = setup.xgb_n_estimators)"
   ]
  },
  {
   "cell_type": "code",
   "execution_count": 20,
   "id": "1e17a637-89fd-4ee7-8e4f-a219133d2d75",
   "metadata": {},
   "outputs": [],
   "source": [
    "xgb_model = xgb_model.set_params(**xgb_params)"
   ]
  },
  {
   "cell_type": "code",
   "execution_count": 21,
   "id": "c3d7133b-075a-48a2-b9c8-c004dab7be61",
   "metadata": {},
   "outputs": [
    {
     "name": "stdout",
     "output_type": "stream",
     "text": [
      "[0]\tvalidation_0-logloss:0.50198\tvalidation_1-logloss:0.50543\n",
      "[1]\tvalidation_0-logloss:0.49565\tvalidation_1-logloss:0.49917\n",
      "[2]\tvalidation_0-logloss:0.49045\tvalidation_1-logloss:0.49405\n",
      "[3]\tvalidation_0-logloss:0.48593\tvalidation_1-logloss:0.48960\n",
      "[4]\tvalidation_0-logloss:0.48216\tvalidation_1-logloss:0.48598\n",
      "[5]\tvalidation_0-logloss:0.47893\tvalidation_1-logloss:0.48283\n",
      "[6]\tvalidation_0-logloss:0.47605\tvalidation_1-logloss:0.48004\n",
      "[7]\tvalidation_0-logloss:0.47357\tvalidation_1-logloss:0.47764\n",
      "[8]\tvalidation_0-logloss:0.47149\tvalidation_1-logloss:0.47564\n",
      "[9]\tvalidation_0-logloss:0.46972\tvalidation_1-logloss:0.47395\n",
      "[10]\tvalidation_0-logloss:0.46811\tvalidation_1-logloss:0.47241\n",
      "[11]\tvalidation_0-logloss:0.46681\tvalidation_1-logloss:0.47118\n",
      "[12]\tvalidation_0-logloss:0.46566\tvalidation_1-logloss:0.47013\n",
      "[13]\tvalidation_0-logloss:0.46470\tvalidation_1-logloss:0.46924\n",
      "[14]\tvalidation_0-logloss:0.46371\tvalidation_1-logloss:0.46832\n",
      "[15]\tvalidation_0-logloss:0.46291\tvalidation_1-logloss:0.46761\n",
      "[16]\tvalidation_0-logloss:0.46222\tvalidation_1-logloss:0.46699\n",
      "[17]\tvalidation_0-logloss:0.46161\tvalidation_1-logloss:0.46648\n",
      "[18]\tvalidation_0-logloss:0.46098\tvalidation_1-logloss:0.46591\n",
      "[19]\tvalidation_0-logloss:0.46045\tvalidation_1-logloss:0.46544\n",
      "[20]\tvalidation_0-logloss:0.46006\tvalidation_1-logloss:0.46510\n",
      "[21]\tvalidation_0-logloss:0.45968\tvalidation_1-logloss:0.46478\n",
      "[22]\tvalidation_0-logloss:0.45936\tvalidation_1-logloss:0.46452\n",
      "[23]\tvalidation_0-logloss:0.45907\tvalidation_1-logloss:0.46428\n",
      "[24]\tvalidation_0-logloss:0.45880\tvalidation_1-logloss:0.46406\n",
      "[25]\tvalidation_0-logloss:0.45851\tvalidation_1-logloss:0.46378\n",
      "[26]\tvalidation_0-logloss:0.45830\tvalidation_1-logloss:0.46362\n",
      "[27]\tvalidation_0-logloss:0.45808\tvalidation_1-logloss:0.46344\n",
      "[28]\tvalidation_0-logloss:0.45786\tvalidation_1-logloss:0.46327\n",
      "[29]\tvalidation_0-logloss:0.45767\tvalidation_1-logloss:0.46312\n"
     ]
    },
    {
     "data": {
      "text/html": [
